# 141, 128
4.413189832121133804e-03,1.103177309036254883e+00,0.000000000000000000e+00,2.379360198974609375e-01,5.005174279212951660e-01,0.000000000000000000e+00,1.597858667373657227e-01,1.521175913512706757e-02,0.000000000000000000e+00,6.000670194625854492e-01,1.169060543179512024e-01,5.847209692001342773e-02,2.657949030399322510e-01,0.000000000000000000e+00,9.127326309680938721e-02,2.465656958520412445e-03,1.576200246810913086e+00,8.701437711715698242e-01,3.822748064994812012e-01,0.000000000000000000e+00,3.765979707241058350e-01,0.000000000000000000e+00,0.000000000000000000e+00,5.058568120002746582e-01,1.784520894289016724e-01,2.523250102996826172e+00,0.000000000000000000e+00,0.000000000000000000e+00,0.000000000000000000e+00,0.000000000000000000e+00,0.000000000000000000e+00,1.061693668365478516e+00,0.000000000000000000e+00,2.845956385135650635e-01,1.575682871043682098e-02,7.068488746881484985e-02,3.317922055721282959e-01,1.269924454391002655e-02,4.178401827812194824e-01,3.124930560588836670e-01,0.000000000000000000e+00,0.000000000000000000e+00,0.000000000000000000e+00,0.000000000000000000e+00,0.000000000000000000e+00,0.000000000000000000e+00,0.000000000000000000e+00,3.590657934546470642e-02,0.000000000000000000e+00,3.129695951938629150e-01,5.407707765698432922e-02,1.600430458784103394e-01,1.527452707290649414e+00,1.667571365833282471e-01,0.000000000000000000e+00,3.878050446510314941e-01,0.000000000000000000e+00,1.914230883121490479e-01,6.923947930335998535e-01,1.878920346498489380e-01,1.115010380744934082e+00,0.000000000000000000e+00,2.020988762378692627e-01,1.159964129328727722e-01,0.000000000000000000e+00,1.816137433052062988e-01,1.995663046836853027e-01,1.144733428955078125e-01,0.000000000000000000e+00,1.771597504615783691e+00,4.893002659082412720e-02,2.166113108396530151e-01,0.000000000000000000e+00,0.000000000000000000e+00,0.000000000000000000e+00,0.000000000000000000e+00,1.157832965254783630e-01,2.666815519332885742e-01,0.000000000000000000e+00,4.915388301014900208e-02,0.000000000000000000e+00,4.247485101222991943e-02,2.430094629526138306e-01,0.000000000000000000e+00,0.000000000000000000e+00,0.000000000000000000e+00,0.000000000000000000e+00,0.000000000000000000e+00,0.000000000000000000e+00,2.270489931106567383e-01,2.665828168392181396e-02,0.000000000000000000e+00,0.000000000000000000e+00,1.168835878372192383e+00,8.007799386978149414e-01,0.000000000000000000e+00,2.208203673362731934e-01,4.942548647522926331e-02,5.709801316261291504e-01,0.000000000000000000e+00,8.549427390098571777e-01,9.517942368984222412e-02,1.826421737670898438e+00,0.000000000000000000e+00,0.000000000000000000e+00,0.000000000000000000e+00,0.000000000000000000e+00,0.000000000000000000e+00,0.000000000000000000e+00,1.957116872072219849e-01,6.305142641067504883e-01,0.000000000000000000e+00,9.384831786155700684e-02,9.243580698966979980e-02,0.000000000000000000e+00,2.020173668861389160e-01,1.670295894145965576e-01,5.944789648056030273e-01,2.628972828388214111e-01,0.000000000000000000e+00,2.672184109687805176e-01,2.415512353181838989e-01,1.645335435867309570e+00,1.058324098587036133e+00,1.606872975826263428e-01,1.896477863192558289e-02,0.000000000000000000e+00,0.000000000000000000e+00
0.000000000000000000e+00,4.846302568912506104e-01,0.000000000000000000e+00,2.027691304683685303e-01,5.284234881401062012e-01,0.000000000000000000e+00,2.052690535783767700e-01,2.054001204669475555e-02,0.000000000000000000e+00,3.614849448204040527e-01,0.000000000000000000e+00,1.868011243641376495e-02,5.641993880271911621e-01,0.000000000000000000e+00,4.329181462526321411e-02,1.753339767456054688e-01,1.877930045127868652e+00,3.505516052246093750e-01,4.252109825611114502e-01,0.000000000000000000e+00,2.665592730045318604e-01,1.146308854222297668e-01,0.000000000000000000e+00,6.986176371574401855e-01,5.920139551162719727e-01,2.667407035827636719e+00,0.000000000000000000e+00,0.000000000000000000e+00,0.000000000000000000e+00,5.562178045511245728e-02,2.430690228939056396e-01,1.638375520706176758e+00,0.000000000000000000e+00,1.165333092212677002e-01,9.017024934291839600e-02,3.516671359539031982e-01,4.223300889134407043e-02,3.225312232971191406e-01,1.694909185171127319e-01,3.629639446735382080e-01,0.000000000000000000e+00,0.000000000000000000e+00,0.000000000000000000e+00,4.845017194747924805e-02,0.000000000000000000e+00,9.124388918280601501e-03,0.000000000000000000e+00,6.317454576492309570e-02,0.000000000000000000e+00,8.369824290275573730e-01,0.000000000000000000e+00,1.541250646114349365e-01,7.686841487884521484e-01,4.558940529823303223e-01,0.000000000000000000e+00,1.496941745281219482e-01,3.769072145223617554e-02,4.450645148754119873e-01,6.928784251213073730e-01,3.444491326808929443e-01,9.872976541519165039e-01,0.000000000000000000e+00,3.141648471355438232e-01,1.081928983330726624e-01,0.000000000000000000e+00,5.531020164489746094e-01,1.836107671260833740e-01,1.858488619327545166e-01,0.000000000000000000e+00,1.176919937133789062e+00,3.204049468040466309e-01,9.249241650104522705e-02,1.936226338148117065e-02,0.000000000000000000e+00,0.000000000000000000e+00,0.000000000000000000e+00,7.674854993820190430e-02,1.817844957113265991e-01,0.000000000000000000e+00,2.161199152469635010e-01,1.166418008506298065e-02,4.473133943974971771e-03,2.688350081443786621e-01,0.000000000000000000e+00,0.000000000000000000e+00,0.000000000000000000e+00,0.000000000000000000e+00,3.318392857909202576e-02,0.000000000000000000e+00,3.276206254959106445e-01,1.009445905685424805e+00,0.000000000000000000e+00,0.000000000000000000e+00,9.331505298614501953e-01,1.523158788681030273e+00,0.000000000000000000e+00,1.844918429851531982e-01,2.952180057764053345e-02,7.113260626792907715e-01,9.834710508584976196e-02,6.156741380691528320e-01,0.000000000000000000e+00,1.482756257057189941e+00,0.000000000000000000e+00,0.000000000000000000e+00,0.000000000000000000e+00,4.564906284213066101e-02,0.000000000000000000e+00,0.000000000000000000e+00,3.648302331566810608e-02,3.927750289440155029e-01,0.000000000000000000e+00,2.489681914448738098e-02,5.678603053092956543e-02,0.000000000000000000e+00,3.004049658775329590e-01,2.624040842056274414e-01,9.887036085128784180e-01,4.527219235897064209e-01,0.000000000000000000e+00,9.219709634780883789e-01,4.007022976875305176e-01,1.585714459419250488e+00,1.245893120765686035e+00,2.180989682674407959e-01,8.473181724548339844e-02,7.535907626152038574e-02,0.000000000000000000e+00
0.000000000000000000e+00,2.796010971069335938e-01,0.000000000000000000e+00,1.701946705579757690e-01,3.976511359214782715e-01,0.000000000000000000e+00,3.877817392349243164e-01,0.000000000000000000e+00,0.000000000000000000e+00,3.327921628952026367e-01,0.000000000000000000e+00,0.000000000000000000e+00,9.878129363059997559e-01,0.000000000000000000e+00,7.789645344018936157e-02,5.444544367492198944e-03,2.429213285446166992e+00,0.000000000000000000e+00,3.713622987270355225e-01,0.000000000000000000e+00,5.105267763137817383e-01,0.000000000000000000e+00,0.000000000000000000e+00,3.093656003475189209e-01,2.837597727775573730e-01,2.179352283477783203e+00,0.000000000000000000e+00,0.000000000000000000e+00,0.000000000000000000e+00,1.957060545682907104e-01,0.000000000000000000e+00,1.649803519248962402e-01,0.000000000000000000e+00,2.139680236577987671e-01,3.616923391819000244e-01,2.301503419876098633e-01,3.112374246120452881e-01,1.204950958490371704e-01,9.404533356428146362e-02,6.833874434232711792e-02,0.000000000000000000e+00,0.000000000000000000e+00,0.000000000000000000e+00,0.000000000000000000e+00,0.000000000000000000e+00,0.000000000000000000e+00,0.000000000000000000e+00,9.238187968730926514e-02,0.000000000000000000e+00,1.851412057876586914e-01,0.000000000000000000e+00,1.100103184580802917e-01,1.520718574523925781e+00,2.648529037833213806e-02,0.000000000000000000e+00,1.983368694782257080e-01,0.000000000000000000e+00,9.323558211326599121e-02,4.996976256370544434e-01,5.243549942970275879e-01,4.419482946395874023e-01,0.000000000000000000e+00,1.382846534252166748e-01,0.000000000000000000e+00,0.000000000000000000e+00,2.835302352905273438e-01,0.000000000000000000e+00,7.194741629064083099e-03,0.000000000000000000e+00,7.016414403915405273e-01,9.657824039459228516e-02,0.000000000000000000e+00,0.000000000000000000e+00,0.000000000000000000e+00,0.000000000000000000e+00,0.000000000000000000e+00,2.074800431728363037e-01,4.447579383850097656e-01,0.000000000000000000e+00,8.314076066017150879e-02,0.000000000000000000e+00,0.000000000000000000e+00,3.607138395309448242e-01,7.678356021642684937e-02,0.000000000000000000e+00,0.000000000000000000e+00,0.000000000000000000e+00,0.000000000000000000e+00,0.000000000000000000e+00,3.629460632801055908e-01,0.000000000000000000e+00,0.000000000000000000e+00,0.000000000000000000e+00,5.255592465400695801e-01,0.000000000000000000e+00,0.000000000000000000e+00,0.000000000000000000e+00,0.000000000000000000e+00,1.388282775878906250e-01,1.748483479022979736e-01,9.603954553604125977e-01,2.621247991919517517e-02,4.684993028640747070e-01,0.000000000000000000e+00,0.000000000000000000e+00,0.000000000000000000e+00,0.000000000000000000e+00,0.000000000000000000e+00,0.000000000000000000e+00,6.461245566606521606e-02,0.000000000000000000e+00,0.000000000000000000e+00,1.288797706365585327e-01,8.334466814994812012e-02,0.000000000000000000e+00,2.776257395744323730e-01,2.550365924835205078e-01,1.459074169397354126e-01,1.290743798017501831e-01,0.000000000000000000e+00,0.000000000000000000e+00,5.738976597785949707e-02,9.277705550193786621e-01,2.151371955871582031e+00,1.021463423967361450e-01,0.000000000000000000e+00,4.429817199707031250e-01,0.000000000000000000e+00
0.000000000000000000e+00,2.796010971069335938e-01,0.000000000000000000e+00,1.701946705579757690e-01,3.976511359214782715e-01,0.000000000000000000e+00,3.877817392349243164e-01,0.000000000000000000e+00,0.000000000000000000e+00,3.327921628952026367e-01,0.000000000000000000e+00,0.000000000000000000e+00,9.878129363059997559e-01,0.000000000000000000e+00,7.789645344018936157e-02,5.444544367492198944e-03,2.429213285446166992e+00,0.000000000000000000e+00,3.713622987270355225e-01,0.000000000000000000e+00,5.105267763137817383e-01,0.000000000000000000e+00,0.000000000000000000e+00,3.093656003475189209e-01,2.837597727775573730e-01,2.179352283477783203e+00,0.000000000000000000e+00,0.000000000000000000e+00,0.000000000000000000e+00,1.957060545682907104e-01,0.000000000000000000e+00,1.649803519248962402e-01,0.000000000000000000e+00,2.139680236577987671e-01,3.616923391819000244e-01,2.301503419876098633e-01,3.112374246120452881e-01,1.204950958490371704e-01,9.404533356428146362e-02,6.833874434232711792e-02,0.000000000000000000e+00,0.000000000000000000e+00,0.000000000000000000e+00,0.000000000000000000e+00,0.000000000000000000e+00,0.000000000000000000e+00,0.000000000000000000e+00,9.238187968730926514e-02,0.000000000000000000e+00,1.851412057876586914e-01,0.000000000000000000e+00,1.100103184580802917e-01,1.520718574523925781e+00,2.648529037833213806e-02,0.000000000000000000e+00,1.983368694782257080e-01,0.000000000000000000e+00,9.323558211326599121e-02,4.996976256370544434e-01,5.243549942970275879e-01,4.419482946395874023e-01,0.000000000000000000e+00,1.382846534252166748e-01,0.000000000000000000e+00,0.000000000000000000e+00,2.835302352905273438e-01,0.000000000000000000e+00,7.194741629064083099e-03,0.000000000000000000e+00,7.016414403915405273e-01,9.657824039459228516e-02,0.000000000000000000e+00,0.000000000000000000e+00,0.000000000000000000e+00,0.000000000000000000e+00,0.000000000000000000e+00,2.074800431728363037e-01,4.447579383850097656e-01,0.000000000000000000e+00,8.314076066017150879e-02,0.000000000000000000e+00,0.000000000000000000e+00,3.607138395309448242e-01,7.678356021642684937e-02,0.000000000000000000e+00,0.000000000000000000e+00,0.000000000000000000e+00,0.000000000000000000e+00,0.000000000000000000e+00,3.629460632801055908e-01,0.000000000000000000e+00,0.000000000000000000e+00,0.000000000000000000e+00,5.255592465400695801e-01,0.000000000000000000e+00,0.000000000000000000e+00,0.000000000000000000e+00,0.000000000000000000e+00,1.388282775878906250e-01,1.748483479022979736e-01,9.603954553604125977e-01,2.621247991919517517e-02,4.684993028640747070e-01,0.000000000000000000e+00,0.000000000000000000e+00,0.000000000000000000e+00,0.000000000000000000e+00,0.000000000000000000e+00,0.000000000000000000e+00,6.461245566606521606e-02,0.000000000000000000e+00,0.000000000000000000e+00,1.288797706365585327e-01,8.334466814994812012e-02,0.000000000000000000e+00,2.776257395744323730e-01,2.550365924835205078e-01,1.459074169397354126e-01,1.290743798017501831e-01,0.000000000000000000e+00,0.000000000000000000e+00,5.738976597785949707e-02,9.277705550193786621e-01,2.151371955871582031e+00,1.021463423967361450e-01,0.000000000000000000e+00,4.429817199707031250e-01,0.000000000000000000e+00
0.000000000000000000e+00,3.311982750892639160e-01,0.000000000000000000e+00,1.270456314086914062e-01,1.139580726623535156e+00,0.000000000000000000e+00,2.275728136301040649e-01,0.000000000000000000e+00,0.000000000000000000e+00,1.707149147987365723e-01,0.000000000000000000e+00,0.000000000000000000e+00,5.802574157714843750e-01,0.000000000000000000e+00,7.363488897681236267e-03,1.283381581306457520e-01,2.240813493728637695e+00,9.447243809700012207e-02,3.492898941040039062e-01,0.000000000000000000e+00,3.926532268524169922e-01,0.000000000000000000e+00,0.000000000000000000e+00,5.336930751800537109e-01,5.264118909835815430e-01,2.574209213256835938e+00,0.000000000000000000e+00,0.000000000000000000e+00,0.000000000000000000e+00,8.632422983646392822e-02,1.275904923677444458e-01,7.572437524795532227e-01,0.000000000000000000e+00,6.855538487434387207e-02,1.763406097888946533e-01,2.455630302429199219e-01,2.129196077585220337e-01,4.681558907032012939e-02,1.045210063457489014e-01,1.343800425529479980e-01,0.000000000000000000e+00,0.000000000000000000e+00,0.000000000000000000e+00,0.000000000000000000e+00,0.000000000000000000e+00,0.000000000000000000e+00,0.000000000000000000e+00,1.592149026691913605e-02,0.000000000000000000e+00,5.542328357696533203e-01,0.000000000000000000e+00,2.175774984061717987e-02,1.282367467880249023e+00,1.080288365483283997e-01,0.000000000000000000e+00,2.346945106983184814e-01,1.841141469776630402e-02,3.192795515060424805e-01,5.593380928039550781e-01,3.562406897544860840e-01,8.308250904083251953e-01,0.000000000000000000e+00,3.773676156997680664e-01,5.612973496317863464e-02,0.000000000000000000e+00,2.390851080417633057e-01,6.393352523446083069e-04,4.538422077894210815e-02,0.000000000000000000e+00,1.038919806480407715e+00,3.878929093480110168e-02,0.000000000000000000e+00,0.000000000000000000e+00,0.000000000000000000e+00,0.000000000000000000e+00,0.000000000000000000e+00,3.018248975276947021e-01,3.686965703964233398e-01,0.000000000000000000e+00,3.574268147349357605e-02,0.000000000000000000e+00,0.000000000000000000e+00,3.058767616748809814e-01,3.759431838989257812e-02,0.000000000000000000e+00,0.000000000000000000e+00,0.000000000000000000e+00,0.000000000000000000e+00,0.000000000000000000e+00,3.380991220474243164e-01,5.446927994489669800e-02,0.000000000000000000e+00,0.000000000000000000e+00,5.025062561035156250e-01,7.109361290931701660e-01,0.000000000000000000e+00,2.897142432630062103e-02,3.137460350990295410e-02,3.644813001155853271e-01,2.047002166509628296e-01,1.029740214347839355e+00,4.512210190296173096e-02,1.091273069381713867e+00,0.000000000000000000e+00,0.000000000000000000e+00,0.000000000000000000e+00,0.000000000000000000e+00,0.000000000000000000e+00,0.000000000000000000e+00,8.787648379802703857e-02,4.516698718070983887e-01,0.000000000000000000e+00,8.655758202075958252e-02,3.621091693639755249e-02,0.000000000000000000e+00,3.042341470718383789e-01,2.078304886817932129e-01,3.472337722778320312e-01,2.013592272996902466e-01,0.000000000000000000e+00,2.254781126976013184e-01,1.543163508176803589e-01,1.389643192291259766e+00,1.702175259590148926e+00,1.759833693504333496e-01,0.000000000000000000e+00,9.985905140638351440e-02,0.000000000000000000e+00
0.000000000000000000e+00,3.311982750892639160e-01,0.000000000000000000e+00,1.270456314086914062e-01,1.139580726623535156e+00,0.000000000000000000e+00,2.275728136301040649e-01,0.000000000000000000e+00,0.000000000000000000e+00,1.707149147987365723e-01,0.000000000000000000e+00,0.000000000000000000e+00,5.802574157714843750e-01,0.000000000000000000e+00,7.363488897681236267e-03,1.283381581306457520e-01,2.240813493728637695e+00,9.447243809700012207e-02,3.492898941040039062e-01,0.000000000000000000e+00,3.926532268524169922e-01,0.000000000000000000e+00,0.000000000000000000e+00,5.336930751800537109e-01,5.264118909835815430e-01,2.574209213256835938e+00,0.000000000000000000e+00,0.000000000000000000e+00,0.000000000000000000e+00,8.632422983646392822e-02,1.275904923677444458e-01,7.572437524795532227e-01,0.000000000000000000e+00,6.855538487434387207e-02,1.763406097888946533e-01,2.455630302429199219e-01,2.129196077585220337e-01,4.681558907032012939e-02,1.045210063457489014e-01,1.343800425529479980e-01,0.000000000000000000e+00,0.000000000000000000e+00,0.000000000000000000e+00,0.000000000000000000e+00,0.000000000000000000e+00,0.000000000000000000e+00,0.000000000000000000e+00,1.592149026691913605e-02,0.000000000000000000e+00,5.542328357696533203e-01,0.000000000000000000e+00,2.175774984061717987e-02,1.282367467880249023e+00,1.080288365483283997e-01,0.000000000000000000e+00,2.346945106983184814e-01,1.841141469776630402e-02,3.192795515060424805e-01,5.593380928039550781e-01,3.562406897544860840e-01,8.308250904083251953e-01,0.000000000000000000e+00,3.773676156997680664e-01,5.612973496317863464e-02,0.000000000000000000e+00,2.390851080417633057e-01,6.393352523446083069e-04,4.538422077894210815e-02,0.000000000000000000e+00,1.038919806480407715e+00,3.878929093480110168e-02,0.000000000000000000e+00,0.000000000000000000e+00,0.000000000000000000e+00,0.000000000000000000e+00,0.000000000000000000e+00,3.018248975276947021e-01,3.686965703964233398e-01,0.000000000000000000e+00,3.574268147349357605e-02,0.000000000000000000e+00,0.000000000000000000e+00,3.058767616748809814e-01,3.759431838989257812e-02,0.000000000000000000e+00,0.000000000000000000e+00,0.000000000000000000e+00,0.000000000000000000e+00,0.000000000000000000e+00,3.380991220474243164e-01,5.446927994489669800e-02,0.000000000000000000e+00,0.000000000000000000e+00,5.025062561035156250e-01,7.109361290931701660e-01,0.000000000000000000e+00,2.897142432630062103e-02,3.137460350990295410e-02,3.644813001155853271e-01,2.047002166509628296e-01,1.029740214347839355e+00,4.512210190296173096e-02,1.091273069381713867e+00,0.000000000000000000e+00,0.000000000000000000e+00,0.000000000000000000e+00,0.000000000000000000e+00,0.000000000000000000e+00,0.000000000000000000e+00,8.787648379802703857e-02,4.516698718070983887e-01,0.000000000000000000e+00,8.655758202075958252e-02,3.621091693639755249e-02,0.000000000000000000e+00,3.042341470718383789e-01,2.078304886817932129e-01,3.472337722778320312e-01,2.013592272996902466e-01,0.000000000000000000e+00,2.254781126976013184e-01,1.543163508176803589e-01,1.389643192291259766e+00,1.702175259590148926e+00,1.759833693504333496e-01,0.000000000000000000e+00,9.985905140638351440e-02,0.000000000000000000e+00
0.000000000000000000e+00,4.121965467929840088e-01,0.000000000000000000e+00,6.413693726062774658e-02,8.619729280471801758e-01,0.000000000000000000e+00,5.370435118675231934e-01,0.000000000000000000e+00,0.000000000000000000e+00,1.042192652821540833e-01,8.464658260345458984e-02,0.000000000000000000e+00,7.745879292488098145e-01,0.000000000000000000e+00,3.021763078868389130e-02,5.692383274435997009e-03,1.905736088752746582e+00,0.000000000000000000e+00,3.481052815914154053e-01,0.000000000000000000e+00,4.645125865936279297e-01,0.000000000000000000e+00,0.000000000000000000e+00,1.673695743083953857e-01,1.746744960546493530e-01,2.246377468109130859e+00,0.000000000000000000e+00,0.000000000000000000e+00,0.000000000000000000e+00,1.000887602567672729e-01,3.101957738399505615e-01,1.705094128847122192e-01,0.000000000000000000e+00,6.429522484540939331e-02,2.864672541618347168e-01,1.062573567032814026e-01,5.270923972129821777e-01,6.475095450878143311e-02,3.600665926933288574e-02,0.000000000000000000e+00,0.000000000000000000e+00,0.000000000000000000e+00,0.000000000000000000e+00,0.000000000000000000e+00,0.000000000000000000e+00,9.305079467594623566e-03,0.000000000000000000e+00,4.773259460926055908e-01,0.000000000000000000e+00,8.854596316814422607e-02,0.000000000000000000e+00,1.805049926042556763e-02,1.502302408218383789e+00,1.804551780223846436e-01,0.000000000000000000e+00,2.562523819506168365e-02,0.000000000000000000e+00,4.665369093418121338e-01,3.637666702270507812e-01,4.974086284637451172e-01,5.735895782709121704e-02,0.000000000000000000e+00,2.103888988494873047e-01,0.000000000000000000e+00,0.000000000000000000e+00,1.231564655900001526e-01,1.327779609709978104e-02,2.189690917730331421e-01,0.000000000000000000e+00,4.031915962696075439e-01,2.124097496271133423e-01,3.291527926921844482e-02,0.000000000000000000e+00,0.000000000000000000e+00,0.000000000000000000e+00,2.770506590604782104e-02,0.000000000000000000e+00,3.982354700565338135e-01,0.000000000000000000e+00,1.646481752395629883e-01,5.846289172768592834e-02,0.000000000000000000e+00,2.989394068717956543e-01,1.418482065200805664e-01,0.000000000000000000e+00,0.000000000000000000e+00,0.000000000000000000e+00,1.207208819687366486e-02,0.000000000000000000e+00,5.832692384719848633e-01,2.885328233242034912e-02,0.000000000000000000e+00,0.000000000000000000e+00,5.595557093620300293e-01,2.922150492668151855e-01,0.000000000000000000e+00,0.000000000000000000e+00,0.000000000000000000e+00,4.641073942184448242e-02,2.678969316184520721e-02,2.208784967660903931e-01,1.177712529897689819e-01,5.597798228263854980e-01,0.000000000000000000e+00,0.000000000000000000e+00,0.000000000000000000e+00,6.534220278263092041e-02,0.000000000000000000e+00,0.000000000000000000e+00,0.000000000000000000e+00,1.616809070110321045e-01,0.000000000000000000e+00,0.000000000000000000e+00,0.000000000000000000e+00,0.000000000000000000e+00,5.168176889419555664e-01,4.226981475949287415e-02,1.748685985803604126e-01,6.129208803176879883e-01,1.532219350337982178e-02,2.039833217859268188e-01,0.000000000000000000e+00,8.376307487487792969e-01,1.716685533523559570e+00,5.659293383359909058e-03,1.755634509027004242e-02,3.461574316024780273e-01,0.000000000000000000e+00
0.000000000000000000e+00,9.183136820793151855e-01,0.000000000000000000e+00,4.831407219171524048e-02,3.928821086883544922e-01,0.000000000000000000e+00,3.118463158607482910e-01,0.000000000000000000e+00,0.000000000000000000e+00,7.404960691928863525e-02,0.000000000000000000e+00,0.000000000000000000e+00,2.491549402475357056e-01,0.000000000000000000e+00,2.437074296176433563e-02,4.210871644318103790e-03,1.248140454292297363e+00,0.000000000000000000e+00,4.923806190490722656e-01,0.000000000000000000e+00,6.191428303718566895e-01,0.000000000000000000e+00,0.000000000000000000e+00,4.714048206806182861e-01,5.971324443817138672e-01,3.177747488021850586e+00,0.000000000000000000e+00,0.000000000000000000e+00,0.000000000000000000e+00,0.000000000000000000e+00,0.000000000000000000e+00,3.669107258319854736e-01,0.000000000000000000e+00,0.000000000000000000e+00,0.000000000000000000e+00,1.640368402004241943e-01,1.684456318616867065e-01,0.000000000000000000e+00,0.000000000000000000e+00,5.008603632450103760e-02,0.000000000000000000e+00,0.000000000000000000e+00,0.000000000000000000e+00,0.000000000000000000e+00,0.000000000000000000e+00,5.933815985918045044e-02,0.000000000000000000e+00,0.000000000000000000e+00,0.000000000000000000e+00,4.464847147464752197e-01,0.000000000000000000e+00,0.000000000000000000e+00,1.771666288375854492e+00,1.374038755893707275e-01,0.000000000000000000e+00,5.522178485989570618e-02,0.000000000000000000e+00,4.041251242160797119e-01,7.020570635795593262e-01,2.479176372289657593e-01,0.000000000000000000e+00,0.000000000000000000e+00,2.301466763019561768e-01,0.000000000000000000e+00,0.000000000000000000e+00,2.914274632930755615e-01,0.000000000000000000e+00,2.956990897655487061e-01,0.000000000000000000e+00,3.730388283729553223e-01,0.000000000000000000e+00,1.963071525096893311e-02,0.000000000000000000e+00,0.000000000000000000e+00,0.000000000000000000e+00,3.640602529048919678e-01,0.000000000000000000e+00,3.604404926300048828e-01,0.000000000000000000e+00,0.000000000000000000e+00,0.000000000000000000e+00,0.000000000000000000e+00,3.168683052062988281e-01,0.000000000000000000e+00,0.000000000000000000e+00,0.000000000000000000e+00,0.000000000000000000e+00,1.253888458013534546e-01,0.000000000000000000e+00,3.314707577228546143e-01,0.000000000000000000e+00,0.000000000000000000e+00,0.000000000000000000e+00,8.646249771118164062e-01,8.026780486106872559e-01,0.000000000000000000e+00,1.400099508464336395e-02,4.605829715728759766e-03,3.496411442756652832e-01,0.000000000000000000e+00,1.942516267299652100e-01,4.944441840052604675e-03,1.451080590486526489e-01,0.000000000000000000e+00,0.000000000000000000e+00,0.000000000000000000e+00,0.000000000000000000e+00,0.000000000000000000e+00,0.000000000000000000e+00,0.000000000000000000e+00,5.962773561477661133e-01,0.000000000000000000e+00,9.851109981536865234e-02,1.568123549222946167e-01,0.000000000000000000e+00,3.072394430637359619e-01,3.985771164298057556e-02,4.462402313947677612e-02,4.937273561954498291e-01,7.179246842861175537e-02,3.250790238380432129e-01,6.386625021696090698e-02,1.879566431045532227e+00,7.333133816719055176e-01,0.000000000000000000e+00,1.988399773836135864e-01,0.000000000000000000e+00,0.000000000000000000e+00
6.021341085433959961e-01,6.094785332679748535e-01,0.000000000000000000e+00,3.892430961132049561e-01,8.106779307126998901e-02,0.000000000000000000e+00,7.093127369880676270e-01,1.066359043121337891e+00,0.000000000000000000e+00,5.862421989440917969e-01,5.944963693618774414e-01,1.168893218040466309e+00,0.000000000000000000e+00,0.000000000000000000e+00,5.997719168663024902e-01,2.040328532457351685e-01,1.701560765504837036e-01,2.791026830673217773e-01,3.732429146766662598e-01,0.000000000000000000e+00,3.082214891910552979e-01,7.536245584487915039e-01,0.000000000000000000e+00,5.350361466407775879e-01,5.688728690147399902e-01,2.899290323257446289e+00,0.000000000000000000e+00,0.000000000000000000e+00,4.305458664894104004e-01,4.904514551162719727e-02,1.573742926120758057e-01,0.000000000000000000e+00,0.000000000000000000e+00,1.059247732162475586e+00,0.000000000000000000e+00,4.861558079719543457e-01,2.189239859580993652e-02,4.288047552108764648e-02,8.407173156738281250e-01,4.200047850608825684e-01,0.000000000000000000e+00,1.105085730552673340e+00,0.000000000000000000e+00,0.000000000000000000e+00,0.000000000000000000e+00,1.035893559455871582e-01,1.898337453603744507e-01,7.138916850090026855e-01,0.000000000000000000e+00,1.949305087327957153e-01,1.077436208724975586e+00,1.059674382209777832e+00,2.909426987171173096e-01,0.000000000000000000e+00,0.000000000000000000e+00,3.767670691013336182e-02,8.591650053858757019e-03,5.439448952674865723e-01,4.751145541667938232e-01,1.690504550933837891e-01,0.000000000000000000e+00,1.783005297183990479e-01,2.300935238599777222e-01,4.309170544147491455e-01,0.000000000000000000e+00,1.797314584255218506e-01,1.672203391790390015e-01,5.012890100479125977e-01,0.000000000000000000e+00,0.000000000000000000e+00,9.019576013088226318e-02,1.130238294601440430e+00,2.866636216640472412e-01,0.000000000000000000e+00,0.000000000000000000e+00,4.347748309373855591e-02,0.000000000000000000e+00,3.028186559677124023e-01,0.000000000000000000e+00,1.076884493231773376e-01,3.665880560874938965e-01,4.127477705478668213e-01,3.560861945152282715e-01,3.599973022937774658e-02,0.000000000000000000e+00,0.000000000000000000e+00,0.000000000000000000e+00,7.983566820621490479e-02,2.853984832763671875e-01,6.972895860671997070e-01,0.000000000000000000e+00,0.000000000000000000e+00,0.000000000000000000e+00,8.978297710418701172e-01,0.000000000000000000e+00,0.000000000000000000e+00,5.187362432479858398e-01,2.928434610366821289e-01,4.018703103065490723e-01,1.286339387297630310e-02,0.000000000000000000e+00,1.121527552604675293e+00,8.616439998149871826e-02,0.000000000000000000e+00,0.000000000000000000e+00,0.000000000000000000e+00,1.406636238098144531e-01,0.000000000000000000e+00,0.000000000000000000e+00,1.718995720148086548e-02,2.452779412269592285e-01,0.000000000000000000e+00,3.641313910484313965e-01,5.587188005447387695e-01,0.000000000000000000e+00,7.609480619430541992e-01,4.447230696678161621e-01,5.033757686614990234e-01,6.946242451667785645e-01,0.000000000000000000e+00,2.381114661693572998e-02,4.871494472026824951e-01,1.619762182235717773e+00,1.204039063304662704e-02,4.266017675399780273e-01,2.891708016395568848e-01,0.000000000000000000e+00,0.000000000000000000e+00
6.021341085433959961e-01,6.094785332679748535e-01,0.000000000000000000e+00,3.892430961132049561e-01,8.106779307126998901e-02,0.000000000000000000e+00,7.093127369880676270e-01,1.066359043121337891e+00,0.000000000000000000e+00,5.862421989440917969e-01,5.944963693618774414e-01,1.168893218040466309e+00,0.000000000000000000e+00,0.000000000000000000e+00,5.997719168663024902e-01,2.040328532457351685e-01,1.701560765504837036e-01,2.791026830673217773e-01,3.732429146766662598e-01,0.000000000000000000e+00,3.082214891910552979e-01,7.536245584487915039e-01,0.000000000000000000e+00,5.350361466407775879e-01,5.688728690147399902e-01,2.899290323257446289e+00,0.000000000000000000e+00,0.000000000000000000e+00,4.305458664894104004e-01,4.904514551162719727e-02,1.573742926120758057e-01,0.000000000000000000e+00,0.000000000000000000e+00,1.059247732162475586e+00,0.000000000000000000e+00,4.861558079719543457e-01,2.189239859580993652e-02,4.288047552108764648e-02,8.407173156738281250e-01,4.200047850608825684e-01,0.000000000000000000e+00,1.105085730552673340e+00,0.000000000000000000e+00,0.000000000000000000e+00,0.000000000000000000e+00,1.035893559455871582e-01,1.898337453603744507e-01,7.138916850090026855e-01,0.000000000000000000e+00,1.949305087327957153e-01,1.077436208724975586e+00,1.059674382209777832e+00,2.909426987171173096e-01,0.000000000000000000e+00,0.000000000000000000e+00,3.767670691013336182e-02,8.591650053858757019e-03,5.439448952674865723e-01,4.751145541667938232e-01,1.690504550933837891e-01,0.000000000000000000e+00,1.783005297183990479e-01,2.300935238599777222e-01,4.309170544147491455e-01,0.000000000000000000e+00,1.797314584255218506e-01,1.672203391790390015e-01,5.012890100479125977e-01,0.000000000000000000e+00,0.000000000000000000e+00,9.019576013088226318e-02,1.130238294601440430e+00,2.866636216640472412e-01,0.000000000000000000e+00,0.000000000000000000e+00,4.347748309373855591e-02,0.000000000000000000e+00,3.028186559677124023e-01,0.000000000000000000e+00,1.076884493231773376e-01,3.665880560874938965e-01,4.127477705478668213e-01,3.560861945152282715e-01,3.599973022937774658e-02,0.000000000000000000e+00,0.000000000000000000e+00,0.000000000000000000e+00,7.983566820621490479e-02,2.853984832763671875e-01,6.972895860671997070e-01,0.000000000000000000e+00,0.000000000000000000e+00,0.000000000000000000e+00,8.978297710418701172e-01,0.000000000000000000e+00,0.000000000000000000e+00,5.187362432479858398e-01,2.928434610366821289e-01,4.018703103065490723e-01,1.286339387297630310e-02,0.000000000000000000e+00,1.121527552604675293e+00,8.616439998149871826e-02,0.000000000000000000e+00,0.000000000000000000e+00,0.000000000000000000e+00,1.406636238098144531e-01,0.000000000000000000e+00,0.000000000000000000e+00,1.718995720148086548e-02,2.452779412269592285e-01,0.000000000000000000e+00,3.641313910484313965e-01,5.587188005447387695e-01,0.000000000000000000e+00,7.609480619430541992e-01,4.447230696678161621e-01,5.033757686614990234e-01,6.946242451667785645e-01,0.000000000000000000e+00,2.381114661693572998e-02,4.871494472026824951e-01,1.619762182235717773e+00,1.204039063304662704e-02,4.266017675399780273e-01,2.891708016395568848e-01,0.000000000000000000e+00,0.000000000000000000e+00
5.515986084938049316e-01,7.599493265151977539e-01,0.000000000000000000e+00,5.002820491790771484e-01,0.000000000000000000e+00,0.000000000000000000e+00,6.787496209144592285e-01,1.162925958633422852e+00,0.000000000000000000e+00,5.477349758148193359e-01,4.974016547203063965e-01,1.187623023986816406e+00,0.000000000000000000e+00,0.000000000000000000e+00,7.377141118049621582e-01,1.444295793771743774e-01,2.140422463417053223e-01,3.596962690353393555e-01,4.263970553874969482e-01,0.000000000000000000e+00,3.036963939666748047e-01,8.120139837265014648e-01,0.000000000000000000e+00,5.770900249481201172e-01,5.668268799781799316e-01,3.077414512634277344e+00,0.000000000000000000e+00,0.000000000000000000e+00,4.254598021507263184e-01,6.666255742311477661e-02,0.000000000000000000e+00,0.000000000000000000e+00,0.000000000000000000e+00,1.245363116264343262e+00,0.000000000000000000e+00,5.798601508140563965e-01,0.000000000000000000e+00,7.521624863147735596e-02,1.051581740379333496e+00,8.036605715751647949e-01,0.000000000000000000e+00,1.193227052688598633e+00,0.000000000000000000e+00,2.804019674658775330e-02,0.000000000000000000e+00,1.986699700355529785e-01,2.113348543643951416e-01,7.313383817672729492e-01,0.000000000000000000e+00,4.591553807258605957e-01,1.105072617530822754e+00,1.092668890953063965e+00,2.410770356655120850e-01,0.000000000000000000e+00,0.000000000000000000e+00,2.659809589385986328e-01,0.000000000000000000e+00,5.816045999526977539e-01,6.123660206794738770e-01,2.505230307579040527e-01,0.000000000000000000e+00,2.035688757896423340e-01,1.574459075927734375e-01,4.989790916442871094e-01,0.000000000000000000e+00,3.278012573719024658e-01,4.231461882591247559e-01,4.839293658733367920e-01,0.000000000000000000e+00,0.000000000000000000e+00,1.770904958248138428e-01,1.179341316223144531e+00,3.533791601657867432e-01,0.000000000000000000e+00,0.000000000000000000e+00,3.996073901653289795e-01,2.299662679433822632e-02,2.177596390247344971e-01,0.000000000000000000e+00,1.383422613143920898e-01,5.437286496162414551e-01,4.540779292583465576e-01,4.516046345233917236e-01,0.000000000000000000e+00,0.000000000000000000e+00,0.000000000000000000e+00,0.000000000000000000e+00,5.161587893962860107e-02,3.890923261642456055e-01,6.480740308761596680e-01,1.212762743234634399e-01,0.000000000000000000e+00,0.000000000000000000e+00,7.472109794616699219e-01,7.366205751895904541e-02,0.000000000000000000e+00,4.817583560943603516e-01,4.304588139057159424e-01,6.599355936050415039e-01,2.334993779659271240e-01,0.000000000000000000e+00,1.236218929290771484e+00,3.339545130729675293e-01,0.000000000000000000e+00,0.000000000000000000e+00,0.000000000000000000e+00,1.212182343006134033e-01,0.000000000000000000e+00,0.000000000000000000e+00,6.003103218972682953e-03,1.258291602134704590e-01,0.000000000000000000e+00,6.094470024108886719e-01,7.322811484336853027e-01,0.000000000000000000e+00,7.110916376113891602e-01,3.928642868995666504e-01,7.575547695159912109e-01,1.196564078330993652e+00,1.614007353782653809e-02,0.000000000000000000e+00,5.659163594245910645e-01,1.708008527755737305e+00,4.142079129815101624e-02,6.224465370178222656e-01,3.107454776763916016e-01,0.000000000000000000e+00,0.000000000000000000e+00
0.000000000000000000e+00,7.348574399948120117e-01,0.000000000000000000e+00,6.490505486726760864e-02,1.746596097946166992e+00,0.000000000000000000e+00,1.211384087800979614e-01,8.578104898333549500e-03,0.000000000000000000e+00,1.566175669431686401e-01,0.000000000000000000e+00,0.000000000000000000e+00,1.033357858657836914e+00,0.000000000000000000e+00,2.658681757748126984e-02,1.212652325630187988e-01,1.382529497146606445e+00,0.000000000000000000e+00,2.559177875518798828e-01,0.000000000000000000e+00,3.676714301109313965e-01,4.814529418945312500e-02,0.000000000000000000e+00,2.912608385086059570e-01,5.253649950027465820e-01,2.767145872116088867e+00,0.000000000000000000e+00,0.000000000000000000e+00,0.000000000000000000e+00,0.000000000000000000e+00,5.563068389892578125e-01,6.542954444885253906e-01,0.000000000000000000e+00,9.371468424797058105e-02,1.176702044904232025e-02,1.204524785280227661e-01,5.145825743675231934e-01,9.036395698785781860e-02,1.516311615705490112e-01,0.000000000000000000e+00,0.000000000000000000e+00,0.000000000000000000e+00,0.000000000000000000e+00,0.000000000000000000e+00,0.000000000000000000e+00,1.459000073373317719e-02,6.143402308225631714e-02,7.515225559473037720e-02,0.000000000000000000e+00,3.836934566497802734e-01,0.000000000000000000e+00,0.000000000000000000e+00,7.009127736091613770e-01,0.000000000000000000e+00,0.000000000000000000e+00,7.908390462398529053e-02,0.000000000000000000e+00,3.776423335075378418e-01,4.315967261791229248e-01,3.192526400089263916e-01,1.237996146082878113e-01,0.000000000000000000e+00,8.666431903839111328e-02,3.806478343904018402e-03,0.000000000000000000e+00,3.333463072776794434e-01,0.000000000000000000e+00,2.752250432968139648e-01,0.000000000000000000e+00,5.690769553184509277e-01,1.270489692687988281e-01,7.385520637035369873e-02,1.175637394189834595e-01,0.000000000000000000e+00,0.000000000000000000e+00,5.001470446586608887e-02,0.000000000000000000e+00,3.812534809112548828e-01,0.000000000000000000e+00,3.075219690799713135e-03,4.799288883805274963e-02,4.902840778231620789e-02,1.848518103361129761e-01,0.000000000000000000e+00,0.000000000000000000e+00,0.000000000000000000e+00,0.000000000000000000e+00,0.000000000000000000e+00,0.000000000000000000e+00,4.202454388141632080e-01,0.000000000000000000e+00,0.000000000000000000e+00,0.000000000000000000e+00,8.276051282882690430e-01,5.903625488281250000e-01,0.000000000000000000e+00,4.608055576682090759e-02,0.000000000000000000e+00,2.796062529087066650e-01,1.074280813336372375e-01,1.277648210525512695e-01,5.749631673097610474e-02,9.719817042350769043e-01,0.000000000000000000e+00,0.000000000000000000e+00,0.000000000000000000e+00,6.524439156055450439e-02,0.000000000000000000e+00,0.000000000000000000e+00,0.000000000000000000e+00,1.654420614242553711e+00,0.000000000000000000e+00,1.915133558213710785e-03,0.000000000000000000e+00,0.000000000000000000e+00,3.406355679035186768e-01,0.000000000000000000e+00,5.016940087080001831e-02,1.849953457713127136e-02,0.000000000000000000e+00,2.714035212993621826e-01,8.453953266143798828e-02,1.511266946792602539e+00,1.082352280616760254e+00,1.124925613403320312e-01,2.506951056420803070e-02,6.196075677871704102e-02,0.000000000000000000e+00
2.512393295764923096e-01,4.920439124107360840e-01,0.000000000000000000e+00,2.289558798074722290e-01,9.686140716075897217e-02,0.000000000000000000e+00,5.535408854484558105e-01,0.000000000000000000e+00,0.000000000000000000e+00,1.360105752944946289e+00,1.224588155746459961e-01,0.000000000000000000e+00,4.751979112625122070e-01,0.000000000000000000e+00,1.337042003870010376e-01,1.641802489757537842e-01,1.875399231910705566e+00,4.082858860492706299e-01,5.930946469306945801e-01,0.000000000000000000e+00,5.250658988952636719e-01,8.494844660162925720e-03,0.000000000000000000e+00,6.728032231330871582e-01,5.893870592117309570e-01,3.139034986495971680e+00,0.000000000000000000e+00,0.000000000000000000e+00,0.000000000000000000e+00,1.211124435067176819e-01,0.000000000000000000e+00,5.291495919227600098e-01,0.000000000000000000e+00,0.000000000000000000e+00,7.337828278541564941e-01,1.715418994426727295e-01,7.371425628662109375e-02,6.785360574722290039e-01,8.336126059293746948e-02,3.984318114817142487e-03,0.000000000000000000e+00,1.629263311624526978e-01,0.000000000000000000e+00,1.817714720964431763e-01,0.000000000000000000e+00,0.000000000000000000e+00,3.222079575061798096e-01,1.203658729791641235e-01,0.000000000000000000e+00,1.001060962677001953e+00,0.000000000000000000e+00,2.323219478130340576e-01,8.988882899284362793e-01,7.214658260345458984e-01,0.000000000000000000e+00,1.950871013104915619e-02,1.701449975371360779e-03,7.627172470092773438e-01,4.740711450576782227e-01,4.107224941253662109e-01,6.776750087738037109e-01,0.000000000000000000e+00,3.079185187816619873e-01,0.000000000000000000e+00,0.000000000000000000e+00,2.125889956951141357e-01,2.002509683370590210e-01,2.063363194465637207e-01,0.000000000000000000e+00,1.022199869155883789e+00,3.611736744642257690e-02,0.000000000000000000e+00,1.535380911082029343e-02,0.000000000000000000e+00,0.000000000000000000e+00,0.000000000000000000e+00,4.282960593700408936e-01,0.000000000000000000e+00,0.000000000000000000e+00,8.082854747772216797e-02,1.056280639022588730e-02,0.000000000000000000e+00,4.931027293205261230e-01,0.000000000000000000e+00,0.000000000000000000e+00,0.000000000000000000e+00,0.000000000000000000e+00,0.000000000000000000e+00,0.000000000000000000e+00,4.964175224304199219e-01,1.636922597885131836e+00,0.000000000000000000e+00,0.000000000000000000e+00,8.619619905948638916e-02,5.335214734077453613e-02,0.000000000000000000e+00,0.000000000000000000e+00,3.146747946739196777e-01,6.520457863807678223e-01,1.648841053247451782e-01,5.636446475982666016e-01,7.008113712072372437e-02,5.902592539787292480e-01,0.000000000000000000e+00,0.000000000000000000e+00,0.000000000000000000e+00,0.000000000000000000e+00,0.000000000000000000e+00,0.000000000000000000e+00,1.772854924201965332e-01,0.000000000000000000e+00,0.000000000000000000e+00,1.021547615528106689e-01,1.194689497351646423e-01,0.000000000000000000e+00,4.594622254371643066e-01,2.547050714492797852e-01,1.231881260871887207e+00,5.768004059791564941e-01,0.000000000000000000e+00,3.288982212543487549e-01,5.146668553352355957e-01,1.829624772071838379e+00,1.421126961708068848e+00,1.114468555897474289e-02,2.015778049826622009e-02,4.460819959640502930e-01,0.000000000000000000e+00
5.111427307128906250e-01,9.272750616073608398e-01,0.000000000000000000e+00,7.021747827529907227e-01,0.000000000000000000e+00,0.000000000000000000e+00,1.028834879398345947e-01,4.842324554920196533e-01,0.000000000000000000e+00,9.970218539237976074e-01,5.112106204032897949e-01,5.967384576797485352e-01,0.000000000000000000e+00,0.000000000000000000e+00,4.384929239749908447e-01,5.846101790666580200e-03,4.342203140258789062e-01,5.947405695915222168e-01,1.172670274972915649e-01,0.000000000000000000e+00,2.199049293994903564e-01,4.943627417087554932e-01,0.000000000000000000e+00,2.716834843158721924e-01,3.989925086498260498e-01,3.160292863845825195e+00,0.000000000000000000e+00,0.000000000000000000e+00,1.414399594068527222e-01,0.000000000000000000e+00,0.000000000000000000e+00,0.000000000000000000e+00,0.000000000000000000e+00,1.040479660034179688e+00,0.000000000000000000e+00,1.999325454235076904e-01,0.000000000000000000e+00,9.408008307218551636e-02,7.775861620903015137e-01,8.225145190954208374e-02,0.000000000000000000e+00,6.955438256263732910e-01,0.000000000000000000e+00,0.000000000000000000e+00,0.000000000000000000e+00,1.340889334678649902e-01,2.201384454965591431e-01,1.284894645214080811e-01,0.000000000000000000e+00,4.387943446636199951e-01,6.209313273429870605e-01,1.101852059364318848e+00,2.060177177190780640e-01,6.802384741604328156e-03,0.000000000000000000e+00,1.040116846561431885e-01,0.000000000000000000e+00,5.188307166099548340e-01,2.430234551429748535e-01,2.540295720100402832e-01,0.000000000000000000e+00,8.516609668731689453e-03,2.077504433691501617e-02,2.102378010749816895e-01,0.000000000000000000e+00,4.938414096832275391e-01,4.094918444752693176e-02,4.837445914745330811e-01,0.000000000000000000e+00,1.021152641624212265e-02,7.591737806797027588e-02,9.356855750083923340e-01,8.714827895164489746e-01,0.000000000000000000e+00,0.000000000000000000e+00,0.000000000000000000e+00,0.000000000000000000e+00,5.766664743423461914e-01,0.000000000000000000e+00,0.000000000000000000e+00,6.503671407699584961e-02,1.732856780290603638e-01,1.453639566898345947e-01,4.603250324726104736e-02,0.000000000000000000e+00,0.000000000000000000e+00,0.000000000000000000e+00,0.000000000000000000e+00,5.235730856657028198e-02,5.271663069725036621e-01,0.000000000000000000e+00,0.000000000000000000e+00,0.000000000000000000e+00,1.221544981002807617e+00,2.908411901444196701e-03,0.000000000000000000e+00,3.529275655746459961e-01,1.880090683698654175e-03,1.935467123985290527e-01,4.544499143958091736e-02,0.000000000000000000e+00,7.742640376091003418e-01,0.000000000000000000e+00,0.000000000000000000e+00,0.000000000000000000e+00,0.000000000000000000e+00,0.000000000000000000e+00,0.000000000000000000e+00,0.000000000000000000e+00,0.000000000000000000e+00,2.780364453792572021e-01,0.000000000000000000e+00,3.131982386112213135e-01,2.542035579681396484e-01,0.000000000000000000e+00,5.277453660964965820e-01,5.775734782218933105e-01,4.900038838386535645e-01,1.226815730333328247e-01,0.000000000000000000e+00,3.192657232284545898e-02,5.316062569618225098e-01,1.964279532432556152e+00,5.124334245920181274e-02,2.767408192157745361e-01,1.247076690196990967e-01,0.000000000000000000e+00,0.000000000000000000e+00
3.558630347251892090e-01,7.827373743057250977e-01,0.000000000000000000e+00,1.343672275543212891e-01,1.059146970510482788e-01,0.000000000000000000e+00,3.197096586227416992e-01,6.109878420829772949e-01,0.000000000000000000e+00,8.979813456535339355e-01,0.000000000000000000e+00,2.087061703205108643e-01,9.725924581289291382e-02,0.000000000000000000e+00,7.761696726083755493e-02,0.000000000000000000e+00,1.621927022933959961e-01,3.142966330051422119e-01,3.070391714572906494e-01,0.000000000000000000e+00,2.589627802371978760e-01,3.212187290191650391e-01,0.000000000000000000e+00,3.812361359596252441e-01,3.081505894660949707e-01,2.807380199432373047e+00,0.000000000000000000e+00,0.000000000000000000e+00,3.227276802062988281e-01,8.067485690116882324e-02,0.000000000000000000e+00,0.000000000000000000e+00,0.000000000000000000e+00,9.824677705764770508e-01,0.000000000000000000e+00,3.916652202606201172e-01,0.000000000000000000e+00,1.297070384025573730e-01,7.812790870666503906e-01,6.639659404754638672e-01,0.000000000000000000e+00,3.924127817153930664e-01,0.000000000000000000e+00,0.000000000000000000e+00,0.000000000000000000e+00,4.040500149130821228e-02,0.000000000000000000e+00,2.126369476318359375e-01,0.000000000000000000e+00,3.055252134799957275e-01,8.330149650573730469e-01,4.863995313644409180e-01,3.289330005645751953e-01,0.000000000000000000e+00,0.000000000000000000e+00,1.525954008102416992e-01,0.000000000000000000e+00,5.516588687896728516e-01,3.271183371543884277e-01,4.478163421154022217e-01,0.000000000000000000e+00,5.441057309508323669e-02,8.345299214124679565e-02,3.777522146701812744e-01,0.000000000000000000e+00,9.926927089691162109e-01,6.089080870151519775e-02,2.071485668420791626e-01,0.000000000000000000e+00,2.484018206596374512e-01,1.061072498559951782e-01,9.823179841041564941e-01,1.822873204946517944e-01,0.000000000000000000e+00,0.000000000000000000e+00,2.010502293705940247e-02,0.000000000000000000e+00,2.055312693119049072e-01,0.000000000000000000e+00,3.806303068995475769e-02,6.104071065783500671e-02,1.190779954195022583e-01,2.189849615097045898e-01,0.000000000000000000e+00,0.000000000000000000e+00,0.000000000000000000e+00,0.000000000000000000e+00,3.661760315299034119e-02,1.331851184368133545e-01,6.959716677665710449e-01,0.000000000000000000e+00,0.000000000000000000e+00,0.000000000000000000e+00,5.411522388458251953e-01,0.000000000000000000e+00,0.000000000000000000e+00,7.812825962901115417e-03,2.657780647277832031e-01,4.869783520698547363e-01,4.933713935315608978e-04,0.000000000000000000e+00,3.393624424934387207e-01,4.013859033584594727e-01,0.000000000000000000e+00,0.000000000000000000e+00,0.000000000000000000e+00,6.906065158545970917e-03,0.000000000000000000e+00,0.000000000000000000e+00,0.000000000000000000e+00,2.468853741884231567e-01,0.000000000000000000e+00,1.695814579725265503e-01,3.438080847263336182e-01,0.000000000000000000e+00,6.309052109718322754e-01,2.108575403690338135e-01,3.724481463432312012e-01,1.359459757804870605e-01,0.000000000000000000e+00,0.000000000000000000e+00,7.813057303428649902e-01,1.827003002166748047e+00,1.654129028320312500e-01,3.676920831203460693e-01,1.448212862014770508e-01,8.861063979566097260e-03,0.000000000000000000e+00
3.558630347251892090e-01,7.827373743057250977e-01,0.000000000000000000e+00,1.343672275543212891e-01,1.059146970510482788e-01,0.000000000000000000e+00,3.197096586227416992e-01,6.109878420829772949e-01,0.000000000000000000e+00,8.979813456535339355e-01,0.000000000000000000e+00,2.087061703205108643e-01,9.725924581289291382e-02,0.000000000000000000e+00,7.761696726083755493e-02,0.000000000000000000e+00,1.621927022933959961e-01,3.142966330051422119e-01,3.070391714572906494e-01,0.000000000000000000e+00,2.589627802371978760e-01,3.212187290191650391e-01,0.000000000000000000e+00,3.812361359596252441e-01,3.081505894660949707e-01,2.807380199432373047e+00,0.000000000000000000e+00,0.000000000000000000e+00,3.227276802062988281e-01,8.067485690116882324e-02,0.000000000000000000e+00,0.000000000000000000e+00,0.000000000000000000e+00,9.824677705764770508e-01,0.000000000000000000e+00,3.916652202606201172e-01,0.000000000000000000e+00,1.297070384025573730e-01,7.812790870666503906e-01,6.639659404754638672e-01,0.000000000000000000e+00,3.924127817153930664e-01,0.000000000000000000e+00,0.000000000000000000e+00,0.000000000000000000e+00,4.040500149130821228e-02,0.000000000000000000e+00,2.126369476318359375e-01,0.000000000000000000e+00,3.055252134799957275e-01,8.330149650573730469e-01,4.863995313644409180e-01,3.289330005645751953e-01,0.000000000000000000e+00,0.000000000000000000e+00,1.525954008102416992e-01,0.000000000000000000e+00,5.516588687896728516e-01,3.271183371543884277e-01,4.478163421154022217e-01,0.000000000000000000e+00,5.441057309508323669e-02,8.345299214124679565e-02,3.777522146701812744e-01,0.000000000000000000e+00,9.926927089691162109e-01,6.089080870151519775e-02,2.071485668420791626e-01,0.000000000000000000e+00,2.484018206596374512e-01,1.061072498559951782e-01,9.823179841041564941e-01,1.822873204946517944e-01,0.000000000000000000e+00,0.000000000000000000e+00,2.010502293705940247e-02,0.000000000000000000e+00,2.055312693119049072e-01,0.000000000000000000e+00,3.806303068995475769e-02,6.104071065783500671e-02,1.190779954195022583e-01,2.189849615097045898e-01,0.000000000000000000e+00,0.000000000000000000e+00,0.000000000000000000e+00,0.000000000000000000e+00,3.661760315299034119e-02,1.331851184368133545e-01,6.959716677665710449e-01,0.000000000000000000e+00,0.000000000000000000e+00,0.000000000000000000e+00,5.411522388458251953e-01,0.000000000000000000e+00,0.000000000000000000e+00,7.812825962901115417e-03,2.657780647277832031e-01,4.869783520698547363e-01,4.933713935315608978e-04,0.000000000000000000e+00,3.393624424934387207e-01,4.013859033584594727e-01,0.000000000000000000e+00,0.000000000000000000e+00,0.000000000000000000e+00,6.906065158545970917e-03,0.000000000000000000e+00,0.000000000000000000e+00,0.000000000000000000e+00,2.468853741884231567e-01,0.000000000000000000e+00,1.695814579725265503e-01,3.438080847263336182e-01,0.000000000000000000e+00,6.309052109718322754e-01,2.108575403690338135e-01,3.724481463432312012e-01,1.359459757804870605e-01,0.000000000000000000e+00,0.000000000000000000e+00,7.813057303428649902e-01,1.827003002166748047e+00,1.654129028320312500e-01,3.676920831203460693e-01,1.448212862014770508e-01,8.861063979566097260e-03,0.000000000000000000e+00
9.042914956808090210e-02,6.447423100471496582e-01,0.000000000000000000e+00,2.200291454792022705e-01,1.887319684028625488e-01,0.000000000000000000e+00,4.592660367488861084e-01,6.774448752403259277e-01,0.000000000000000000e+00,1.746957600116729736e-01,0.000000000000000000e+00,8.093926310539245605e-02,2.333067953586578369e-01,0.000000000000000000e+00,2.281048148870468140e-01,0.000000000000000000e+00,3.307493776082992554e-02,1.476793140172958374e-01,7.470872402191162109e-01,0.000000000000000000e+00,5.859371423721313477e-01,4.564609378576278687e-02,0.000000000000000000e+00,2.625905573368072510e-01,3.251499533653259277e-01,3.166088104248046875e+00,0.000000000000000000e+00,0.000000000000000000e+00,2.490592300891876221e-01,1.242409422993659973e-01,0.000000000000000000e+00,0.000000000000000000e+00,0.000000000000000000e+00,2.141581475734710693e-01,0.000000000000000000e+00,3.123789280652999878e-02,0.000000000000000000e+00,1.123256385326385498e-01,3.622249662876129150e-01,2.343420870602130890e-02,0.000000000000000000e+00,6.064327359199523926e-01,0.000000000000000000e+00,0.000000000000000000e+00,0.000000000000000000e+00,8.501632511615753174e-02,7.202888280153274536e-02,0.000000000000000000e+00,0.000000000000000000e+00,1.844954639673233032e-01,7.491968870162963867e-01,2.681646943092346191e-01,1.923812329769134521e-01,0.000000000000000000e+00,0.000000000000000000e+00,6.132594347000122070e-01,0.000000000000000000e+00,4.362216591835021973e-02,5.314678549766540527e-01,4.303448498249053955e-01,0.000000000000000000e+00,1.716810315847396851e-01,3.869062289595603943e-02,1.793732643127441406e-01,0.000000000000000000e+00,1.074014782905578613e+00,0.000000000000000000e+00,9.124886393547058105e-01,0.000000000000000000e+00,7.035796344280242920e-02,3.565121442079544067e-02,5.393732190132141113e-01,3.789661228656768799e-01,0.000000000000000000e+00,0.000000000000000000e+00,1.544328872114419937e-02,0.000000000000000000e+00,7.056181430816650391e-01,0.000000000000000000e+00,0.000000000000000000e+00,6.251381635665893555e-01,1.198498066514730453e-02,3.871686160564422607e-01,0.000000000000000000e+00,0.000000000000000000e+00,0.000000000000000000e+00,0.000000000000000000e+00,1.599624902009963989e-01,0.000000000000000000e+00,3.209521472454071045e-01,0.000000000000000000e+00,0.000000000000000000e+00,0.000000000000000000e+00,5.965653061866760254e-01,0.000000000000000000e+00,0.000000000000000000e+00,8.279928565025329590e-02,0.000000000000000000e+00,3.938960731029510498e-01,5.885439459234476089e-03,2.337448000907897949e-01,8.104171603918075562e-02,4.680855944752693176e-02,0.000000000000000000e+00,0.000000000000000000e+00,0.000000000000000000e+00,0.000000000000000000e+00,0.000000000000000000e+00,0.000000000000000000e+00,0.000000000000000000e+00,3.571477234363555908e-01,0.000000000000000000e+00,4.056459665298461914e-01,2.076622843742370605e-01,0.000000000000000000e+00,2.280357331037521362e-01,2.958159707486629486e-02,2.195443399250507355e-02,1.236027106642723083e-02,0.000000000000000000e+00,1.730645634233951569e-02,6.843608617782592773e-01,1.709628343582153320e+00,2.374052070081233978e-03,0.000000000000000000e+00,4.206593930721282959e-01,0.000000000000000000e+00,0.000000000000000000e+00
9.042914956808090210e-02,6.447423100471496582e-01,0.000000000000000000e+00,2.200291454792022705e-01,1.887319684028625488e-01,0.000000000000000000e+00,4.592660367488861084e-01,6.774448752403259277e-01,0.000000000000000000e+00,1.746957600116729736e-01,0.000000000000000000e+00,8.093926310539245605e-02,2.333067953586578369e-01,0.000000000000000000e+00,2.281048148870468140e-01,0.000000000000000000e+00,3.307493776082992554e-02,1.476793140172958374e-01,7.470872402191162109e-01,0.000000000000000000e+00,5.859371423721313477e-01,4.564609378576278687e-02,0.000000000000000000e+00,2.625905573368072510e-01,3.251499533653259277e-01,3.166088104248046875e+00,0.000000000000000000e+00,0.000000000000000000e+00,2.490592300891876221e-01,1.242409422993659973e-01,0.000000000000000000e+00,0.000000000000000000e+00,0.000000000000000000e+00,2.141581475734710693e-01,0.000000000000000000e+00,3.123789280652999878e-02,0.000000000000000000e+00,1.123256385326385498e-01,3.622249662876129150e-01,2.343420870602130890e-02,0.000000000000000000e+00,6.064327359199523926e-01,0.000000000000000000e+00,0.000000000000000000e+00,0.000000000000000000e+00,8.501632511615753174e-02,7.202888280153274536e-02,0.000000000000000000e+00,0.000000000000000000e+00,1.844954639673233032e-01,7.491968870162963867e-01,2.681646943092346191e-01,1.923812329769134521e-01,0.000000000000000000e+00,0.000000000000000000e+00,6.132594347000122070e-01,0.000000000000000000e+00,4.362216591835021973e-02,5.314678549766540527e-01,4.303448498249053955e-01,0.000000000000000000e+00,1.716810315847396851e-01,3.869062289595603943e-02,1.793732643127441406e-01,0.000000000000000000e+00,1.074014782905578613e+00,0.000000000000000000e+00,9.124886393547058105e-01,0.000000000000000000e+00,7.035796344280242920e-02,3.565121442079544067e-02,5.393732190132141113e-01,3.789661228656768799e-01,0.000000000000000000e+00,0.000000000000000000e+00,1.544328872114419937e-02,0.000000000000000000e+00,7.056181430816650391e-01,0.000000000000000000e+00,0.000000000000000000e+00,6.251381635665893555e-01,1.198498066514730453e-02,3.871686160564422607e-01,0.000000000000000000e+00,0.000000000000000000e+00,0.000000000000000000e+00,0.000000000000000000e+00,1.599624902009963989e-01,0.000000000000000000e+00,3.209521472454071045e-01,0.000000000000000000e+00,0.000000000000000000e+00,0.000000000000000000e+00,5.965653061866760254e-01,0.000000000000000000e+00,0.000000000000000000e+00,8.279928565025329590e-02,0.000000000000000000e+00,3.938960731029510498e-01,5.885439459234476089e-03,2.337448000907897949e-01,8.104171603918075562e-02,4.680855944752693176e-02,0.000000000000000000e+00,0.000000000000000000e+00,0.000000000000000000e+00,0.000000000000000000e+00,0.000000000000000000e+00,0.000000000000000000e+00,0.000000000000000000e+00,3.571477234363555908e-01,0.000000000000000000e+00,4.056459665298461914e-01,2.076622843742370605e-01,0.000000000000000000e+00,2.280357331037521362e-01,2.958159707486629486e-02,2.195443399250507355e-02,1.236027106642723083e-02,0.000000000000000000e+00,1.730645634233951569e-02,6.843608617782592773e-01,1.709628343582153320e+00,2.374052070081233978e-03,0.000000000000000000e+00,4.206593930721282959e-01,0.000000000000000000e+00,0.000000000000000000e+00
1.086354255676269531e-01,2.420434057712554932e-01,0.000000000000000000e+00,4.806314110755920410e-01,2.841052711009979248e-01,0.000000000000000000e+00,2.673475742340087891e-01,2.068554982542991638e-02,0.000000000000000000e+00,5.514205098152160645e-01,3.046267032623291016e-01,5.183563232421875000e-01,0.000000000000000000e+00,0.000000000000000000e+00,7.602548003196716309e-01,3.831075038760900497e-03,2.657763659954071045e-01,2.442087978124618530e-01,4.278705418109893799e-01,0.000000000000000000e+00,4.068655073642730713e-01,7.136265933513641357e-02,0.000000000000000000e+00,3.279097676277160645e-01,3.980362415313720703e-01,3.044012308120727539e+00,0.000000000000000000e+00,0.000000000000000000e+00,1.350001990795135498e-01,1.323416233062744141e-01,4.354090243577957153e-02,0.000000000000000000e+00,0.000000000000000000e+00,2.720680236816406250e-01,1.655538231134414673e-01,5.973252654075622559e-01,2.485576719045639038e-01,1.644939184188842773e-01,1.042847871780395508e+00,3.776274323463439941e-01,0.000000000000000000e+00,6.044331192970275879e-01,0.000000000000000000e+00,0.000000000000000000e+00,0.000000000000000000e+00,9.980475902557373047e-02,3.080714643001556396e-01,5.198395848274230957e-01,0.000000000000000000e+00,8.388175964355468750e-01,2.218592166900634766e-01,7.109780311584472656e-01,4.296821653842926025e-01,0.000000000000000000e+00,0.000000000000000000e+00,9.615984559059143066e-01,0.000000000000000000e+00,1.246649995446205139e-01,6.147204637527465820e-01,3.211203217506408691e-01,3.117044642567634583e-02,5.333567783236503601e-02,1.209397614002227783e-01,1.475285142660140991e-01,0.000000000000000000e+00,4.135864675045013428e-01,0.000000000000000000e+00,2.292061299085617065e-01,0.000000000000000000e+00,0.000000000000000000e+00,7.503467798233032227e-02,4.991945624351501465e-01,3.485861122608184814e-01,0.000000000000000000e+00,0.000000000000000000e+00,1.187248826026916504e-01,1.106645688414573669e-01,6.492458581924438477e-01,0.000000000000000000e+00,7.102981209754943848e-01,3.423399329185485840e-01,9.149513207376003265e-03,3.953771591186523438e-01,2.507751584053039551e-01,0.000000000000000000e+00,0.000000000000000000e+00,0.000000000000000000e+00,0.000000000000000000e+00,0.000000000000000000e+00,9.682186245918273926e-01,2.705770432949066162e-01,0.000000000000000000e+00,0.000000000000000000e+00,6.848562955856323242e-01,0.000000000000000000e+00,0.000000000000000000e+00,9.666593074798583984e-01,4.469378665089607239e-02,3.463585078716278076e-01,2.159393578767776489e-01,1.070648655295372009e-01,1.323619604110717773e+00,0.000000000000000000e+00,0.000000000000000000e+00,0.000000000000000000e+00,0.000000000000000000e+00,0.000000000000000000e+00,0.000000000000000000e+00,0.000000000000000000e+00,2.831639721989631653e-02,6.354709714651107788e-02,0.000000000000000000e+00,1.123710393905639648e+00,7.842844128608703613e-01,0.000000000000000000e+00,9.675925970077514648e-01,5.038778185844421387e-01,2.158284187316894531e-01,6.683593988418579102e-02,0.000000000000000000e+00,8.938214927911758423e-02,6.374250054359436035e-01,1.897265911102294922e+00,1.754537038505077362e-02,1.247108280658721924e-01,3.312947154045104980e-01,0.000000000000000000e+00,0.000000000000000000e+00
1.596330665051937103e-02,9.165588617324829102e-01,0.000000000000000000e+00,1.130419448018074036e-01,1.035450100898742676e+00,0.000000000000000000e+00,2.731302380561828613e-01,0.000000000000000000e+00,0.000000000000000000e+00,2.658911645412445068e-01,8.072333782911300659e-02,8.867163956165313721e-02,0.000000000000000000e+00,0.000000000000000000e+00,3.777317702770233154e-02,0.000000000000000000e+00,6.960131525993347168e-01,1.984042227268218994e-01,4.329012334346771240e-01,0.000000000000000000e+00,4.578140974044799805e-01,4.386658966541290283e-02,0.000000000000000000e+00,3.857655823230743408e-01,2.607367336750030518e-01,3.099761962890625000e+00,0.000000000000000000e+00,0.000000000000000000e+00,2.671234309673309326e-02,0.000000000000000000e+00,1.410640925168991089e-01,1.097011804580688477e+00,0.000000000000000000e+00,2.660431861877441406e-01,1.380355209112167358e-01,2.799762040376663208e-02,4.570825397968292236e-01,0.000000000000000000e+00,9.142003953456878662e-02,4.045192524790763855e-02,0.000000000000000000e+00,2.817167341709136963e-02,0.000000000000000000e+00,0.000000000000000000e+00,0.000000000000000000e+00,0.000000000000000000e+00,0.000000000000000000e+00,6.738778948783874512e-02,0.000000000000000000e+00,3.364287018775939941e-01,9.922348707914352417e-02,0.000000000000000000e+00,3.590154647827148438e-01,2.322758883237838745e-01,0.000000000000000000e+00,0.000000000000000000e+00,0.000000000000000000e+00,3.601743280887603760e-01,4.626483917236328125e-01,6.338942050933837891e-01,2.486157268285751343e-01,0.000000000000000000e+00,2.949006259441375732e-01,1.795485317707061768e-01,0.000000000000000000e+00,8.618624806404113770e-01,0.000000000000000000e+00,6.987627148628234863e-01,0.000000000000000000e+00,7.872126698493957520e-01,9.741550311446189880e-03,0.000000000000000000e+00,1.744513809680938721e-01,0.000000000000000000e+00,0.000000000000000000e+00,3.119266033172607422e-02,3.274760022759437561e-02,4.868831336498260498e-01,0.000000000000000000e+00,0.000000000000000000e+00,6.548383086919784546e-02,5.274057015776634216e-02,3.220534622669219971e-01,0.000000000000000000e+00,0.000000000000000000e+00,0.000000000000000000e+00,0.000000000000000000e+00,0.000000000000000000e+00,4.281997680664062500e-03,2.668088972568511963e-01,0.000000000000000000e+00,0.000000000000000000e+00,0.000000000000000000e+00,1.174505710601806641e+00,1.377805352210998535e+00,0.000000000000000000e+00,2.501158509403467178e-03,0.000000000000000000e+00,4.274096786975860596e-01,1.545800268650054932e-01,9.607496857643127441e-01,0.000000000000000000e+00,1.194214582443237305e+00,0.000000000000000000e+00,0.000000000000000000e+00,0.000000000000000000e+00,0.000000000000000000e+00,0.000000000000000000e+00,0.000000000000000000e+00,4.614823684096336365e-02,1.123436212539672852e+00,0.000000000000000000e+00,2.443151175975799561e-01,2.747993469238281250e-01,0.000000000000000000e+00,2.089196145534515381e-01,0.000000000000000000e+00,2.315441370010375977e-01,6.283393502235412598e-01,0.000000000000000000e+00,7.918040156364440918e-01,4.771109819412231445e-01,1.626898527145385742e+00,4.304920732975006104e-01,3.022402897477149963e-02,2.719086222350597382e-02,0.000000000000000000e+00,0.000000000000000000e+00
1.596330665051937103e-02,9.165588617324829102e-01,0.000000000000000000e+00,1.130419448018074036e-01,1.035450100898742676e+00,0.000000000000000000e+00,2.731302380561828613e-01,0.000000000000000000e+00,0.000000000000000000e+00,2.658911645412445068e-01,8.072333782911300659e-02,8.867163956165313721e-02,0.000000000000000000e+00,0.000000000000000000e+00,3.777317702770233154e-02,0.000000000000000000e+00,6.960131525993347168e-01,1.984042227268218994e-01,4.329012334346771240e-01,0.000000000000000000e+00,4.578140974044799805e-01,4.386658966541290283e-02,0.000000000000000000e+00,3.857655823230743408e-01,2.607367336750030518e-01,3.099761962890625000e+00,0.000000000000000000e+00,0.000000000000000000e+00,2.671234309673309326e-02,0.000000000000000000e+00,1.410640925168991089e-01,1.097011804580688477e+00,0.000000000000000000e+00,2.660431861877441406e-01,1.380355209112167358e-01,2.799762040376663208e-02,4.570825397968292236e-01,0.000000000000000000e+00,9.142003953456878662e-02,4.045192524790763855e-02,0.000000000000000000e+00,2.817167341709136963e-02,0.000000000000000000e+00,0.000000000000000000e+00,0.000000000000000000e+00,0.000000000000000000e+00,0.000000000000000000e+00,6.738778948783874512e-02,0.000000000000000000e+00,3.364287018775939941e-01,9.922348707914352417e-02,0.000000000000000000e+00,3.590154647827148438e-01,2.322758883237838745e-01,0.000000000000000000e+00,0.000000000000000000e+00,0.000000000000000000e+00,3.601743280887603760e-01,4.626483917236328125e-01,6.338942050933837891e-01,2.486157268285751343e-01,0.000000000000000000e+00,2.949006259441375732e-01,1.795485317707061768e-01,0.000000000000000000e+00,8.618624806404113770e-01,0.000000000000000000e+00,6.987627148628234863e-01,0.000000000000000000e+00,7.872126698493957520e-01,9.741550311446189880e-03,0.000000000000000000e+00,1.744513809680938721e-01,0.000000000000000000e+00,0.000000000000000000e+00,3.119266033172607422e-02,3.274760022759437561e-02,4.868831336498260498e-01,0.000000000000000000e+00,0.000000000000000000e+00,6.548383086919784546e-02,5.274057015776634216e-02,3.220534622669219971e-01,0.000000000000000000e+00,0.000000000000000000e+00,0.000000000000000000e+00,0.000000000000000000e+00,0.000000000000000000e+00,4.281997680664062500e-03,2.668088972568511963e-01,0.000000000000000000e+00,0.000000000000000000e+00,0.000000000000000000e+00,1.174505710601806641e+00,1.377805352210998535e+00,0.000000000000000000e+00,2.501158509403467178e-03,0.000000000000000000e+00,4.274096786975860596e-01,1.545800268650054932e-01,9.607496857643127441e-01,0.000000000000000000e+00,1.194214582443237305e+00,0.000000000000000000e+00,0.000000000000000000e+00,0.000000000000000000e+00,0.000000000000000000e+00,0.000000000000000000e+00,0.000000000000000000e+00,4.614823684096336365e-02,1.123436212539672852e+00,0.000000000000000000e+00,2.443151175975799561e-01,2.747993469238281250e-01,0.000000000000000000e+00,2.089196145534515381e-01,0.000000000000000000e+00,2.315441370010375977e-01,6.283393502235412598e-01,0.000000000000000000e+00,7.918040156364440918e-01,4.771109819412231445e-01,1.626898527145385742e+00,4.304920732975006104e-01,3.022402897477149963e-02,2.719086222350597382e-02,0.000000000000000000e+00,0.000000000000000000e+00
0.000000000000000000e+00,7.667384743690490723e-01,0.000000000000000000e+00,1.513461321592330933e-01,1.115062713623046875e+00,0.000000000000000000e+00,1.780964136123657227e-01,7.168560475111007690e-02,0.000000000000000000e+00,7.992289960384368896e-02,0.000000000000000000e+00,0.000000000000000000e+00,4.907324314117431641e-01,0.000000000000000000e+00,7.566525787115097046e-02,3.514993190765380859e-02,3.277909457683563232e-01,4.351477324962615967e-02,5.897064805030822754e-01,0.000000000000000000e+00,4.944393634796142578e-01,8.109040558338165283e-02,0.000000000000000000e+00,7.329076528549194336e-01,6.254023909568786621e-01,3.052282094955444336e+00,0.000000000000000000e+00,0.000000000000000000e+00,1.224324628710746765e-01,0.000000000000000000e+00,1.373606026172637939e-01,7.618629932403564453e-01,0.000000000000000000e+00,3.889586403965950012e-02,3.832717612385749817e-02,3.887364640831947327e-02,4.531287550926208496e-01,1.418476104736328125e-01,6.592715531587600708e-02,6.303019821643829346e-02,0.000000000000000000e+00,0.000000000000000000e+00,0.000000000000000000e+00,0.000000000000000000e+00,0.000000000000000000e+00,1.799004077911376953e-01,0.000000000000000000e+00,2.086869627237319946e-02,0.000000000000000000e+00,6.783905029296875000e-01,3.275271970778703690e-03,1.363742910325527191e-02,1.300997853279113770e+00,4.972093403339385986e-01,0.000000000000000000e+00,2.449483573436737061e-01,0.000000000000000000e+00,3.060644865036010742e-01,8.356799483299255371e-01,2.814370989799499512e-01,2.646202445030212402e-01,1.958449929952621460e-02,6.555987000465393066e-01,3.108702301979064941e-01,0.000000000000000000e+00,5.632010698318481445e-01,0.000000000000000000e+00,5.053199529647827148e-01,0.000000000000000000e+00,7.708944082260131836e-01,2.916662395000457764e-02,1.314353942871093750e-02,0.000000000000000000e+00,0.000000000000000000e+00,0.000000000000000000e+00,2.333786487579345703e-01,0.000000000000000000e+00,7.645577192306518555e-01,0.000000000000000000e+00,4.077453911304473877e-02,1.728309392929077148e-01,0.000000000000000000e+00,4.262761473655700684e-01,0.000000000000000000e+00,0.000000000000000000e+00,0.000000000000000000e+00,0.000000000000000000e+00,1.935368329286575317e-01,0.000000000000000000e+00,3.477347791194915771e-01,1.974439062178134918e-02,0.000000000000000000e+00,0.000000000000000000e+00,1.390395641326904297e+00,1.067201852798461914e+00,0.000000000000000000e+00,1.999612897634506226e-01,0.000000000000000000e+00,6.433786153793334961e-01,0.000000000000000000e+00,1.771786808967590332e-01,1.587087474763393402e-02,7.031083106994628906e-01,0.000000000000000000e+00,0.000000000000000000e+00,0.000000000000000000e+00,0.000000000000000000e+00,0.000000000000000000e+00,0.000000000000000000e+00,0.000000000000000000e+00,7.456446290016174316e-01,0.000000000000000000e+00,2.907420396804809570e-01,2.366903424263000488e-01,0.000000000000000000e+00,3.288001418113708496e-01,1.302200108766555786e-01,2.168072760105133057e-01,2.964221835136413574e-01,4.115372523665428162e-02,4.810116589069366455e-01,2.788810729980468750e-01,1.957025289535522461e+00,7.391377091407775879e-01,9.703516960144042969e-02,2.950896322727203369e-01,1.890733465552330017e-02,0.000000000000000000e+00
2.951012551784515381e-01,0.000000000000000000e+00,0.000000000000000000e+00,2.747069299221038818e-01,0.000000000000000000e+00,0.000000000000000000e+00,1.206296533346176147e-01,3.810274600982666016e-02,0.000000000000000000e+00,4.079158306121826172e-01,1.445081382989883423e-01,1.890992932021617889e-02,5.221125110983848572e-02,0.000000000000000000e+00,1.021534323692321777e+00,1.416516602039337158e-01,7.447936534881591797e-01,1.069065034389495850e-01,0.000000000000000000e+00,0.000000000000000000e+00,4.361997917294502258e-02,7.465332746505737305e-02,0.000000000000000000e+00,1.004201173782348633e+00,9.307788610458374023e-01,2.998487472534179688e+00,0.000000000000000000e+00,0.000000000000000000e+00,5.783336609601974487e-02,0.000000000000000000e+00,0.000000000000000000e+00,2.492330968379974365e-03,0.000000000000000000e+00,3.596574962139129639e-01,0.000000000000000000e+00,1.455063372850418091e-01,4.750500246882438660e-02,0.000000000000000000e+00,4.007068574428558350e-01,4.580708742141723633e-01,0.000000000000000000e+00,4.275037944316864014e-01,0.000000000000000000e+00,0.000000000000000000e+00,0.000000000000000000e+00,0.000000000000000000e+00,2.474037408828735352e-01,6.419396400451660156e-01,0.000000000000000000e+00,9.871085286140441895e-01,1.978879235684871674e-02,5.352329015731811523e-01,1.160557150840759277e+00,0.000000000000000000e+00,0.000000000000000000e+00,2.188954800367355347e-01,0.000000000000000000e+00,3.927731141448020935e-02,1.027072072029113770e+00,2.325916439294815063e-01,1.643108129501342773e-01,0.000000000000000000e+00,4.060160368680953979e-03,2.580170035362243652e-01,0.000000000000000000e+00,3.775899410247802734e-01,1.644322425127029419e-01,0.000000000000000000e+00,0.000000000000000000e+00,1.387928128242492676e-01,9.006495773792266846e-02,9.625713825225830078e-01,0.000000000000000000e+00,0.000000000000000000e+00,0.000000000000000000e+00,0.000000000000000000e+00,0.000000000000000000e+00,8.001567721366882324e-01,0.000000000000000000e+00,7.094684839248657227e-01,1.913615502417087555e-03,0.000000000000000000e+00,7.869083434343338013e-03,0.000000000000000000e+00,0.000000000000000000e+00,0.000000000000000000e+00,0.000000000000000000e+00,0.000000000000000000e+00,0.000000000000000000e+00,8.630031943321228027e-01,4.454338252544403076e-01,0.000000000000000000e+00,0.000000000000000000e+00,1.165523648262023926e+00,1.731483936309814453e-01,0.000000000000000000e+00,4.205591976642608643e-02,6.455316543579101562e-01,5.910515189170837402e-01,6.302150338888168335e-02,9.100987017154693604e-02,8.014957308769226074e-01,1.815800741314888000e-02,0.000000000000000000e+00,0.000000000000000000e+00,0.000000000000000000e+00,0.000000000000000000e+00,0.000000000000000000e+00,0.000000000000000000e+00,0.000000000000000000e+00,0.000000000000000000e+00,0.000000000000000000e+00,9.138010740280151367e-01,6.099387407302856445e-01,0.000000000000000000e+00,9.440156221389770508e-01,1.108686089515686035e+00,1.033346652984619141e+00,4.547161981463432312e-02,0.000000000000000000e+00,4.638670012354850769e-03,9.447532296180725098e-01,1.867803573608398438e+00,3.706307709217071533e-01,2.624528110027313232e-01,0.000000000000000000e+00,0.000000000000000000e+00,0.000000000000000000e+00
1.234392896294593811e-01,6.213847398757934570e-01,0.000000000000000000e+00,1.566230356693267822e-01,6.479322314262390137e-01,0.000000000000000000e+00,5.400744676589965820e-01,2.955093234777450562e-02,0.000000000000000000e+00,1.523775160312652588e-01,1.206518784165382385e-01,0.000000000000000000e+00,2.541089951992034912e-01,0.000000000000000000e+00,8.337383717298507690e-02,8.844074606895446777e-02,1.686825037002563477e+00,1.014756411314010620e-01,5.767306089401245117e-01,0.000000000000000000e+00,4.690054357051849365e-01,0.000000000000000000e+00,0.000000000000000000e+00,8.553734421730041504e-01,8.274883031845092773e-01,3.161449909210205078e+00,0.000000000000000000e+00,0.000000000000000000e+00,0.000000000000000000e+00,1.864478178322315216e-02,3.635350465774536133e-01,4.972290396690368652e-01,0.000000000000000000e+00,3.332983329892158508e-02,2.785446941852569580e-01,1.142805814743041992e-01,3.299235105514526367e-01,6.440328061580657959e-02,5.779884383082389832e-02,6.090402603149414062e-02,0.000000000000000000e+00,1.407885998487472534e-01,0.000000000000000000e+00,1.076290011405944824e-02,0.000000000000000000e+00,1.099141687154769897e-01,2.664104998111724854e-01,1.541742831468582153e-01,0.000000000000000000e+00,9.521523118019104004e-01,0.000000000000000000e+00,5.174972116947174072e-03,1.623819112777709961e+00,4.811828732490539551e-01,0.000000000000000000e+00,1.333947181701660156e-01,0.000000000000000000e+00,4.922179877758026123e-01,6.339336633682250977e-01,3.981626927852630615e-01,5.486142635345458984e-01,0.000000000000000000e+00,5.043658614158630371e-01,0.000000000000000000e+00,0.000000000000000000e+00,4.152266681194305420e-01,1.165096908807754517e-01,2.033425569534301758e-01,0.000000000000000000e+00,3.058813810348510742e-01,1.612501442432403564e-01,0.000000000000000000e+00,1.038592308759689331e-01,0.000000000000000000e+00,0.000000000000000000e+00,1.318128705024719238e-01,1.032566353678703308e-01,1.879751682281494141e-01,0.000000000000000000e+00,2.814435064792633057e-01,3.898070193827152252e-03,3.509930334985256195e-03,5.731139183044433594e-01,1.518476195633411407e-02,0.000000000000000000e+00,0.000000000000000000e+00,0.000000000000000000e+00,6.338429450988769531e-02,4.447636753320693970e-02,3.481259346008300781e-01,3.687855005264282227e-01,0.000000000000000000e+00,0.000000000000000000e+00,3.877874016761779785e-01,8.196641802787780762e-01,0.000000000000000000e+00,6.158680468797683716e-02,0.000000000000000000e+00,8.260064721107482910e-01,2.161433175206184387e-02,3.677354454994201660e-01,7.410860806703567505e-02,6.009452939033508301e-01,0.000000000000000000e+00,0.000000000000000000e+00,0.000000000000000000e+00,6.965912878513336182e-02,0.000000000000000000e+00,0.000000000000000000e+00,2.222907729446887970e-03,4.163973778486251831e-02,0.000000000000000000e+00,5.506531894207000732e-02,2.484494149684906006e-01,0.000000000000000000e+00,3.341419398784637451e-01,1.207802519202232361e-01,6.568129062652587891e-01,4.513864517211914062e-01,1.790657192468643188e-01,2.862389683723449707e-01,4.143616557121276855e-01,2.067393779754638672e+00,1.228856801986694336e+00,9.417707473039627075e-02,1.365700364112854004e-01,1.500533074140548706e-01,0.000000000000000000e+00
0.000000000000000000e+00,6.070757508277893066e-01,0.000000000000000000e+00,3.061951510608196259e-02,7.413949370384216309e-01,0.000000000000000000e+00,0.000000000000000000e+00,2.607964165508747101e-02,0.000000000000000000e+00,1.021646149456501007e-02,0.000000000000000000e+00,0.000000000000000000e+00,9.272555708885192871e-01,0.000000000000000000e+00,0.000000000000000000e+00,9.970019757747650146e-02,9.859165549278259277e-01,0.000000000000000000e+00,2.251587361097335815e-01,0.000000000000000000e+00,2.764618396759033203e-01,0.000000000000000000e+00,0.000000000000000000e+00,5.570383071899414062e-01,7.273043394088745117e-01,2.860453367233276367e+00,0.000000000000000000e+00,0.000000000000000000e+00,0.000000000000000000e+00,0.000000000000000000e+00,9.968072175979614258e-03,0.000000000000000000e+00,0.000000000000000000e+00,2.555865328758955002e-03,0.000000000000000000e+00,3.215377330780029297e-01,3.324315845966339111e-01,0.000000000000000000e+00,1.518844217061996460e-01,1.478250026702880859e-01,0.000000000000000000e+00,0.000000000000000000e+00,0.000000000000000000e+00,0.000000000000000000e+00,0.000000000000000000e+00,7.463089376688003540e-02,0.000000000000000000e+00,0.000000000000000000e+00,0.000000000000000000e+00,4.112322628498077393e-01,0.000000000000000000e+00,0.000000000000000000e+00,1.272129416465759277e+00,0.000000000000000000e+00,0.000000000000000000e+00,1.940843760967254639e-01,0.000000000000000000e+00,4.010182321071624756e-01,3.137052953243255615e-01,3.981958627700805664e-01,0.000000000000000000e+00,0.000000000000000000e+00,8.076846599578857422e-02,3.349461033940315247e-02,0.000000000000000000e+00,4.819640219211578369e-01,0.000000000000000000e+00,1.398061309009790421e-02,0.000000000000000000e+00,1.904374659061431885e-01,1.430946737527847290e-01,2.026736736297607422e-01,0.000000000000000000e+00,0.000000000000000000e+00,0.000000000000000000e+00,7.223583012819290161e-02,0.000000000000000000e+00,5.130423903465270996e-01,0.000000000000000000e+00,0.000000000000000000e+00,0.000000000000000000e+00,0.000000000000000000e+00,1.417071670293807983e-01,0.000000000000000000e+00,0.000000000000000000e+00,0.000000000000000000e+00,0.000000000000000000e+00,0.000000000000000000e+00,0.000000000000000000e+00,2.135859578847885132e-01,0.000000000000000000e+00,0.000000000000000000e+00,0.000000000000000000e+00,7.551933526992797852e-01,1.265625357627868652e-01,0.000000000000000000e+00,0.000000000000000000e+00,0.000000000000000000e+00,4.695530235767364502e-01,0.000000000000000000e+00,0.000000000000000000e+00,4.879851266741752625e-02,1.698797494173049927e-01,0.000000000000000000e+00,0.000000000000000000e+00,0.000000000000000000e+00,0.000000000000000000e+00,0.000000000000000000e+00,0.000000000000000000e+00,0.000000000000000000e+00,6.350307464599609375e-01,0.000000000000000000e+00,2.143546789884567261e-01,3.493461906909942627e-01,0.000000000000000000e+00,2.300419211387634277e-01,7.807942479848861694e-02,5.030355602502822876e-02,4.018422216176986694e-02,0.000000000000000000e+00,0.000000000000000000e+00,8.693803846836090088e-02,1.787206411361694336e+00,6.728354692459106445e-01,4.860374704003334045e-02,2.654242143034934998e-02,0.000000000000000000e+00,0.000000000000000000e+00
2.138092555105686188e-02,5.602030754089355469e-01,0.000000000000000000e+00,3.374497592449188232e-02,8.585280179977416992e-01,0.000000000000000000e+00,1.655443012714385986e-01,8.277982473373413086e-02,0.000000000000000000e+00,2.383341789245605469e-01,5.029921606183052063e-02,0.000000000000000000e+00,4.341180324554443359e-01,0.000000000000000000e+00,0.000000000000000000e+00,0.000000000000000000e+00,1.402712821960449219e+00,4.970195889472961426e-02,3.690231442451477051e-01,0.000000000000000000e+00,5.492694973945617676e-01,5.884929001331329346e-02,0.000000000000000000e+00,3.464890718460083008e-01,3.772548735141754150e-01,3.135086059570312500e+00,0.000000000000000000e+00,0.000000000000000000e+00,1.280664056539535522e-01,0.000000000000000000e+00,1.065061986446380615e-01,3.793028593063354492e-01,0.000000000000000000e+00,7.397436350584030151e-02,9.508226066827774048e-02,2.953289821743965149e-02,4.834698736667633057e-01,1.530565321445465088e-01,9.994402527809143066e-02,0.000000000000000000e+00,0.000000000000000000e+00,0.000000000000000000e+00,0.000000000000000000e+00,3.312422931194305420e-01,0.000000000000000000e+00,0.000000000000000000e+00,3.447605073451995850e-01,1.416099667549133301e-01,0.000000000000000000e+00,8.425609469413757324e-01,1.382692605257034302e-01,6.163943558931350708e-02,1.102865695953369141e+00,9.654721617698669434e-02,0.000000000000000000e+00,1.438518315553665161e-01,0.000000000000000000e+00,2.862618565559387207e-01,5.980777740478515625e-01,6.268299818038940430e-01,1.021751761436462402e+00,1.199548691511154175e-01,2.919084429740905762e-01,1.076394692063331604e-02,0.000000000000000000e+00,4.811469614505767822e-01,0.000000000000000000e+00,1.829870492219924927e-01,0.000000000000000000e+00,1.428458571434020996e+00,1.863645017147064209e-01,6.525473296642303467e-02,1.971172541379928589e-02,0.000000000000000000e+00,0.000000000000000000e+00,6.128349900245666504e-02,0.000000000000000000e+00,8.314048051834106445e-01,0.000000000000000000e+00,1.622986495494842529e-01,0.000000000000000000e+00,0.000000000000000000e+00,4.016302824020385742e-01,0.000000000000000000e+00,0.000000000000000000e+00,0.000000000000000000e+00,0.000000000000000000e+00,1.136902049183845520e-01,0.000000000000000000e+00,4.630865454673767090e-01,1.031431704759597778e-01,0.000000000000000000e+00,0.000000000000000000e+00,5.701270699501037598e-01,4.975363612174987793e-01,0.000000000000000000e+00,0.000000000000000000e+00,3.507265076041221619e-02,2.678919732570648193e-01,3.590703606605529785e-01,9.403914213180541992e-01,2.565362751483917236e-01,6.358200311660766602e-01,0.000000000000000000e+00,0.000000000000000000e+00,0.000000000000000000e+00,0.000000000000000000e+00,0.000000000000000000e+00,0.000000000000000000e+00,2.262733504176139832e-02,1.243883490562438965e+00,0.000000000000000000e+00,3.957743570208549500e-02,5.271333083510398865e-02,0.000000000000000000e+00,3.889342546463012695e-01,3.764171898365020752e-02,5.736114978790283203e-01,8.016347885131835938e-02,0.000000000000000000e+00,3.695396780967712402e-01,3.842724859714508057e-01,1.857673525810241699e+00,1.416241645812988281e+00,4.128009080886840820e-02,4.917990043759346008e-02,0.000000000000000000e+00,0.000000000000000000e+00
2.155586034059524536e-01,1.028958410024642944e-01,0.000000000000000000e+00,1.800957322120666504e-01,5.323327779769897461e-01,0.000000000000000000e+00,3.444319665431976318e-01,2.225919626653194427e-02,0.000000000000000000e+00,7.107730507850646973e-01,9.027239680290222168e-02,2.334543466567993164e-01,6.095584034919738770e-01,0.000000000000000000e+00,3.821589350700378418e-01,0.000000000000000000e+00,3.764565885066986084e-01,1.664642691612243652e-01,4.696617722511291504e-01,0.000000000000000000e+00,2.360484451055526733e-01,0.000000000000000000e+00,0.000000000000000000e+00,8.458171784877777100e-02,7.747682929039001465e-02,3.205194473266601562e+00,0.000000000000000000e+00,0.000000000000000000e+00,1.269020885229110718e-01,1.511349529027938843e-01,4.573570564389228821e-02,0.000000000000000000e+00,0.000000000000000000e+00,0.000000000000000000e+00,0.000000000000000000e+00,7.310297489166259766e-01,1.209084987640380859e-01,2.809007167816162109e-01,3.680085539817810059e-01,0.000000000000000000e+00,0.000000000000000000e+00,4.322504103183746338e-01,0.000000000000000000e+00,2.584930509328842163e-02,0.000000000000000000e+00,4.309458136558532715e-01,4.681456089019775391e-01,4.093900918960571289e-01,0.000000000000000000e+00,3.436521589756011963e-01,1.658351123332977295e-01,7.232864201068878174e-02,9.177058935165405273e-01,0.000000000000000000e+00,0.000000000000000000e+00,7.452768087387084961e-01,1.181995775550603867e-02,1.103441268205642700e-01,4.398182630538940430e-01,9.642992019653320312e-01,1.143145486712455750e-01,3.563550114631652832e-02,2.720273435115814209e-01,0.000000000000000000e+00,0.000000000000000000e+00,5.818742513656616211e-01,0.000000000000000000e+00,3.726892769336700439e-01,0.000000000000000000e+00,9.134937077760696411e-02,0.000000000000000000e+00,2.512273788452148438e-01,1.923843324184417725e-01,0.000000000000000000e+00,0.000000000000000000e+00,1.814438998699188232e-01,1.587955355644226074e-01,1.007095456123352051e+00,0.000000000000000000e+00,1.713845431804656982e-01,6.467977762222290039e-01,9.006139636039733887e-02,2.441592216491699219e-01,9.070934355258941650e-02,0.000000000000000000e+00,0.000000000000000000e+00,0.000000000000000000e+00,3.210154548287391663e-02,3.953721374273300171e-03,7.591264843940734863e-01,0.000000000000000000e+00,0.000000000000000000e+00,0.000000000000000000e+00,8.972650170326232910e-01,0.000000000000000000e+00,0.000000000000000000e+00,5.570967197418212891e-01,0.000000000000000000e+00,1.630130261182785034e-01,6.831564903259277344e-01,0.000000000000000000e+00,1.712637543678283691e-01,3.439974188804626465e-01,0.000000000000000000e+00,0.000000000000000000e+00,0.000000000000000000e+00,1.788144558668136597e-01,0.000000000000000000e+00,0.000000000000000000e+00,0.000000000000000000e+00,1.989474892616271973e-01,0.000000000000000000e+00,3.546156883239746094e-01,2.037154287099838257e-01,0.000000000000000000e+00,6.950562596321105957e-01,9.031829237937927246e-02,1.367543265223503113e-02,0.000000000000000000e+00,1.635681539773941040e-01,6.892389804124832153e-02,4.776003360748291016e-01,2.079497337341308594e+00,2.970855832099914551e-01,0.000000000000000000e+00,6.171499490737915039e-01,0.000000000000000000e+00,0.000000000000000000e+00
0.000000000000000000e+00,2.594461739063262939e-01,0.000000000000000000e+00,4.648135900497436523e-01,3.859685659408569336e-01,0.000000000000000000e+00,9.224813580513000488e-01,5.561716109514236450e-02,0.000000000000000000e+00,0.000000000000000000e+00,3.979713097214698792e-02,0.000000000000000000e+00,0.000000000000000000e+00,0.000000000000000000e+00,5.171785503625869751e-02,3.201630115509033203e-01,4.167177528142929077e-02,0.000000000000000000e+00,7.846494317054748535e-01,0.000000000000000000e+00,8.823813199996948242e-01,6.121499836444854736e-02,0.000000000000000000e+00,6.623140573501586914e-01,6.199060678482055664e-01,3.553427219390869141e+00,0.000000000000000000e+00,0.000000000000000000e+00,1.262417286634445190e-01,2.675756514072418213e-01,0.000000000000000000e+00,4.029433429241180420e-01,0.000000000000000000e+00,0.000000000000000000e+00,0.000000000000000000e+00,1.860605180263519287e-01,0.000000000000000000e+00,2.658206522464752197e-01,0.000000000000000000e+00,2.901832014322280884e-02,0.000000000000000000e+00,0.000000000000000000e+00,0.000000000000000000e+00,9.210337884724140167e-03,0.000000000000000000e+00,7.458245009183883667e-02,1.142275519669055939e-02,6.450460851192474365e-02,0.000000000000000000e+00,1.273309588432312012e+00,2.707315795123577118e-02,0.000000000000000000e+00,5.021036267280578613e-01,3.459947407245635986e-01,0.000000000000000000e+00,1.255291402339935303e-01,3.195928409695625305e-02,1.703481227159500122e-01,5.121782422065734863e-01,7.617124319076538086e-01,1.006177514791488647e-01,4.058141633868217468e-02,9.010010361671447754e-01,4.504597485065460205e-01,0.000000000000000000e+00,7.313929796218872070e-01,0.000000000000000000e+00,8.978739380836486816e-01,0.000000000000000000e+00,2.409725338220596313e-01,4.261042177677154541e-01,0.000000000000000000e+00,3.469241857528686523e-01,0.000000000000000000e+00,0.000000000000000000e+00,2.330717146396636963e-01,2.595205605030059814e-01,7.802429795265197754e-01,0.000000000000000000e+00,3.571786358952522278e-02,4.151438176631927490e-01,5.420397222042083740e-02,6.346035599708557129e-01,0.000000000000000000e+00,0.000000000000000000e+00,0.000000000000000000e+00,0.000000000000000000e+00,2.113609760999679565e-02,0.000000000000000000e+00,3.393232226371765137e-01,0.000000000000000000e+00,0.000000000000000000e+00,0.000000000000000000e+00,1.523173928260803223e+00,2.619049549102783203e-01,0.000000000000000000e+00,2.648858819156885147e-03,3.470795974135398865e-02,4.286494255065917969e-01,9.660686552524566650e-02,2.549020648002624512e-01,0.000000000000000000e+00,2.902735769748687744e-01,0.000000000000000000e+00,0.000000000000000000e+00,0.000000000000000000e+00,4.635890722274780273e-01,0.000000000000000000e+00,0.000000000000000000e+00,0.000000000000000000e+00,3.844069540500640869e-01,0.000000000000000000e+00,4.702354073524475098e-01,2.530568242073059082e-01,0.000000000000000000e+00,2.806524038314819336e-01,3.128027021884918213e-01,1.077861487865447998e-01,1.659931540489196777e-01,0.000000000000000000e+00,5.768600106239318848e-01,2.002174966037273407e-03,2.055017709732055664e+00,2.031070291996002197e-01,2.620061859488487244e-03,2.051177024841308594e-01,5.344485864043235779e-02,0.000000000000000000e+00
0.000000000000000000e+00,2.594461739063262939e-01,0.000000000000000000e+00,4.648135900497436523e-01,3.859685659408569336e-01,0.000000000000000000e+00,9.224813580513000488e-01,5.561716109514236450e-02,0.000000000000000000e+00,0.000000000000000000e+00,3.979713097214698792e-02,0.000000000000000000e+00,0.000000000000000000e+00,0.000000000000000000e+00,5.171785503625869751e-02,3.201630115509033203e-01,4.167177528142929077e-02,0.000000000000000000e+00,7.846494317054748535e-01,0.000000000000000000e+00,8.823813199996948242e-01,6.121499836444854736e-02,0.000000000000000000e+00,6.623140573501586914e-01,6.199060678482055664e-01,3.553427219390869141e+00,0.000000000000000000e+00,0.000000000000000000e+00,1.262417286634445190e-01,2.675756514072418213e-01,0.000000000000000000e+00,4.029433429241180420e-01,0.000000000000000000e+00,0.000000000000000000e+00,0.000000000000000000e+00,1.860605180263519287e-01,0.000000000000000000e+00,2.658206522464752197e-01,0.000000000000000000e+00,2.901832014322280884e-02,0.000000000000000000e+00,0.000000000000000000e+00,0.000000000000000000e+00,9.210337884724140167e-03,0.000000000000000000e+00,7.458245009183883667e-02,1.142275519669055939e-02,6.450460851192474365e-02,0.000000000000000000e+00,1.273309588432312012e+00,2.707315795123577118e-02,0.000000000000000000e+00,5.021036267280578613e-01,3.459947407245635986e-01,0.000000000000000000e+00,1.255291402339935303e-01,3.195928409695625305e-02,1.703481227159500122e-01,5.121782422065734863e-01,7.617124319076538086e-01,1.006177514791488647e-01,4.058141633868217468e-02,9.010010361671447754e-01,4.504597485065460205e-01,0.000000000000000000e+00,7.313929796218872070e-01,0.000000000000000000e+00,8.978739380836486816e-01,0.000000000000000000e+00,2.409725338220596313e-01,4.261042177677154541e-01,0.000000000000000000e+00,3.469241857528686523e-01,0.000000000000000000e+00,0.000000000000000000e+00,2.330717146396636963e-01,2.595205605030059814e-01,7.802429795265197754e-01,0.000000000000000000e+00,3.571786358952522278e-02,4.151438176631927490e-01,5.420397222042083740e-02,6.346035599708557129e-01,0.000000000000000000e+00,0.000000000000000000e+00,0.000000000000000000e+00,0.000000000000000000e+00,2.113609760999679565e-02,0.000000000000000000e+00,3.393232226371765137e-01,0.000000000000000000e+00,0.000000000000000000e+00,0.000000000000000000e+00,1.523173928260803223e+00,2.619049549102783203e-01,0.000000000000000000e+00,2.648858819156885147e-03,3.470795974135398865e-02,4.286494255065917969e-01,9.660686552524566650e-02,2.549020648002624512e-01,0.000000000000000000e+00,2.902735769748687744e-01,0.000000000000000000e+00,0.000000000000000000e+00,0.000000000000000000e+00,4.635890722274780273e-01,0.000000000000000000e+00,0.000000000000000000e+00,0.000000000000000000e+00,3.844069540500640869e-01,0.000000000000000000e+00,4.702354073524475098e-01,2.530568242073059082e-01,0.000000000000000000e+00,2.806524038314819336e-01,3.128027021884918213e-01,1.077861487865447998e-01,1.659931540489196777e-01,0.000000000000000000e+00,5.768600106239318848e-01,2.002174966037273407e-03,2.055017709732055664e+00,2.031070291996002197e-01,2.620061859488487244e-03,2.051177024841308594e-01,5.344485864043235779e-02,0.000000000000000000e+00
2.451848089694976807e-01,9.091831743717193604e-02,0.000000000000000000e+00,2.010795921087265015e-01,5.144178271293640137e-01,0.000000000000000000e+00,3.613125681877136230e-01,1.379395835101604462e-02,0.000000000000000000e+00,7.563670873641967773e-01,1.006692498922348022e-01,2.591630220413208008e-01,6.357275247573852539e-01,0.000000000000000000e+00,3.872570395469665527e-01,0.000000000000000000e+00,3.611469268798828125e-01,1.444459855556488037e-01,4.614194035530090332e-01,0.000000000000000000e+00,2.341009080410003662e-01,0.000000000000000000e+00,0.000000000000000000e+00,6.496602296829223633e-02,6.530027836561203003e-02,3.139442920684814453e+00,0.000000000000000000e+00,0.000000000000000000e+00,1.043030172586441040e-01,2.000075429677963257e-01,4.564096778631210327e-02,0.000000000000000000e+00,0.000000000000000000e+00,0.000000000000000000e+00,0.000000000000000000e+00,7.836104035377502441e-01,1.283039003610610962e-01,2.827883362770080566e-01,4.095342755317687988e-01,0.000000000000000000e+00,0.000000000000000000e+00,4.133836925029754639e-01,0.000000000000000000e+00,2.363398671150207520e-02,0.000000000000000000e+00,3.830034732818603516e-01,5.547471642494201660e-01,4.501626491546630859e-01,0.000000000000000000e+00,3.084903955459594727e-01,1.162237823009490967e-01,1.156023591756820679e-01,9.469015002250671387e-01,0.000000000000000000e+00,0.000000000000000000e+00,7.369539737701416016e-01,1.311312057077884674e-02,1.224626377224922180e-01,4.065483510494232178e-01,9.571107029914855957e-01,1.281393021345138550e-01,3.039047122001647949e-02,2.596888244152069092e-01,0.000000000000000000e+00,0.000000000000000000e+00,5.355895161628723145e-01,1.523341145366430283e-02,3.431120514869689941e-01,0.000000000000000000e+00,8.795983344316482544e-02,0.000000000000000000e+00,2.398580312728881836e-01,2.068223953247070312e-01,0.000000000000000000e+00,0.000000000000000000e+00,2.002061456441879272e-01,1.926439106464385986e-01,1.004511356353759766e+00,0.000000000000000000e+00,1.874695122241973877e-01,6.129915118217468262e-01,8.366011828184127808e-02,2.429063767194747925e-01,1.187869980931282043e-01,0.000000000000000000e+00,0.000000000000000000e+00,0.000000000000000000e+00,2.407416515052318573e-02,1.554643735289573669e-02,8.016345500946044922e-01,0.000000000000000000e+00,0.000000000000000000e+00,0.000000000000000000e+00,8.753284811973571777e-01,0.000000000000000000e+00,0.000000000000000000e+00,5.552637577056884766e-01,0.000000000000000000e+00,1.776495426893234253e-01,6.737608909606933594e-01,0.000000000000000000e+00,1.902472972869873047e-01,3.346624672412872314e-01,0.000000000000000000e+00,0.000000000000000000e+00,0.000000000000000000e+00,1.878255605697631836e-01,0.000000000000000000e+00,0.000000000000000000e+00,0.000000000000000000e+00,1.565748006105422974e-01,0.000000000000000000e+00,3.419700264930725098e-01,1.808329969644546509e-01,0.000000000000000000e+00,7.395094633102416992e-01,7.991874217987060547e-02,1.241919677704572678e-02,0.000000000000000000e+00,1.830780208110809326e-01,5.703882500529289246e-02,4.748243987560272217e-01,2.001318931579589844e+00,3.250163793563842773e-01,2.377048507332801819e-02,5.779943466186523438e-01,0.000000000000000000e+00,0.000000000000000000e+00
7.791894674301147461e-02,9.672532081604003906e-01,0.000000000000000000e+00,2.704401016235351562e-01,0.000000000000000000e+00,0.000000000000000000e+00,5.201740860939025879e-01,7.731913775205612183e-02,0.000000000000000000e+00,5.503189563751220703e-01,2.913389801979064941e-01,2.225444614887237549e-01,0.000000000000000000e+00,0.000000000000000000e+00,5.901595354080200195e-01,1.478094756603240967e-01,5.201771855354309082e-01,5.192358493804931641e-01,4.639324843883514404e-01,0.000000000000000000e+00,4.344459176063537598e-01,5.179382562637329102e-01,0.000000000000000000e+00,4.545677602291107178e-01,8.092294335365295410e-01,2.629704475402832031e+00,0.000000000000000000e+00,0.000000000000000000e+00,1.224571764469146729e-01,0.000000000000000000e+00,0.000000000000000000e+00,0.000000000000000000e+00,0.000000000000000000e+00,3.891236484050750732e-01,0.000000000000000000e+00,2.641543745994567871e-01,1.152406185865402222e-01,1.617940366268157959e-01,1.121745109558105469e+00,4.611819684505462646e-01,0.000000000000000000e+00,5.417674779891967773e-01,0.000000000000000000e+00,0.000000000000000000e+00,0.000000000000000000e+00,0.000000000000000000e+00,2.095807157456874847e-02,2.650527656078338623e-01,0.000000000000000000e+00,5.003851652145385742e-01,4.628014564514160156e-02,9.549874663352966309e-01,4.297294616699218750e-01,0.000000000000000000e+00,0.000000000000000000e+00,3.618652820587158203e-01,0.000000000000000000e+00,2.882634401321411133e-01,4.747956693172454834e-01,5.333607196807861328e-01,0.000000000000000000e+00,0.000000000000000000e+00,0.000000000000000000e+00,6.526641249656677246e-01,0.000000000000000000e+00,4.997727572917938232e-01,0.000000000000000000e+00,1.701559871435165405e-02,0.000000000000000000e+00,1.260537058115005493e-01,1.469868123531341553e-01,5.393990278244018555e-01,2.432524859905242920e-01,0.000000000000000000e+00,0.000000000000000000e+00,0.000000000000000000e+00,0.000000000000000000e+00,8.166831731796264648e-01,0.000000000000000000e+00,3.662556111812591553e-01,3.869461640715599060e-02,2.348364293575286865e-01,3.653423786163330078e-01,0.000000000000000000e+00,0.000000000000000000e+00,0.000000000000000000e+00,0.000000000000000000e+00,0.000000000000000000e+00,5.549070611596107483e-02,5.705541372299194336e-01,0.000000000000000000e+00,0.000000000000000000e+00,0.000000000000000000e+00,1.493756413459777832e+00,0.000000000000000000e+00,0.000000000000000000e+00,0.000000000000000000e+00,1.017925739288330078e-01,4.445689618587493896e-01,0.000000000000000000e+00,1.209327019751071930e-02,2.780648469924926758e-01,8.256906270980834961e-02,0.000000000000000000e+00,0.000000000000000000e+00,0.000000000000000000e+00,0.000000000000000000e+00,0.000000000000000000e+00,0.000000000000000000e+00,9.274253994226455688e-02,7.338138222694396973e-01,0.000000000000000000e+00,5.026450157165527344e-01,5.666909217834472656e-01,0.000000000000000000e+00,6.095646619796752930e-01,7.698805928230285645e-01,4.623027741909027100e-01,2.645611017942428589e-02,0.000000000000000000e+00,0.000000000000000000e+00,3.938729763031005859e-01,1.811080574989318848e+00,2.471586316823959351e-01,7.227649092674255371e-01,6.462921202182769775e-02,0.000000000000000000e+00,0.000000000000000000e+00
1.540374159812927246e-01,2.822130918502807617e-04,0.000000000000000000e+00,4.077649414539337158e-01,9.242327883839607239e-03,0.000000000000000000e+00,1.195338010787963867e+00,2.016674429178237915e-01,0.000000000000000000e+00,5.522379279136657715e-01,3.783163800835609436e-02,9.153886139392852783e-02,1.782594174146652222e-01,0.000000000000000000e+00,5.887717604637145996e-01,2.512279152870178223e-01,8.882243633270263672e-01,6.182241439819335938e-02,2.625978589057922363e-01,0.000000000000000000e+00,5.646830201148986816e-01,3.127219527959823608e-02,0.000000000000000000e+00,4.815715253353118896e-01,4.759004116058349609e-01,2.928293704986572266e+00,0.000000000000000000e+00,0.000000000000000000e+00,0.000000000000000000e+00,8.070833235979080200e-02,0.000000000000000000e+00,1.027312725782394409e-01,0.000000000000000000e+00,6.154612302780151367e-01,3.779973834753036499e-02,5.956081151962280273e-01,9.900716133415699005e-03,6.238982081413269043e-02,5.954955220222473145e-01,5.273325443267822266e-01,0.000000000000000000e+00,2.783996164798736572e-01,0.000000000000000000e+00,0.000000000000000000e+00,0.000000000000000000e+00,0.000000000000000000e+00,1.081108115613460541e-02,1.266442418098449707e+00,0.000000000000000000e+00,6.368559598922729492e-01,1.631359159946441650e-01,4.436004161834716797e-01,3.804404735565185547e-01,0.000000000000000000e+00,0.000000000000000000e+00,2.458795607089996338e-01,0.000000000000000000e+00,1.686787754297256470e-01,5.600059032440185547e-01,5.924779772758483887e-01,7.086538709700107574e-03,0.000000000000000000e+00,4.934209957718849182e-02,0.000000000000000000e+00,0.000000000000000000e+00,5.590087175369262695e-01,1.669430360198020935e-02,2.656169235706329346e-02,0.000000000000000000e+00,1.871789693832397461e-01,6.289758682250976562e-01,7.198538780212402344e-01,3.462424501776695251e-02,0.000000000000000000e+00,0.000000000000000000e+00,0.000000000000000000e+00,0.000000000000000000e+00,3.375277221202850342e-01,0.000000000000000000e+00,8.571721315383911133e-01,1.617403626441955566e-01,4.956754446029663086e-01,4.361167848110198975e-01,0.000000000000000000e+00,0.000000000000000000e+00,0.000000000000000000e+00,0.000000000000000000e+00,3.064398095011711121e-02,9.960824251174926758e-02,6.241505146026611328e-01,1.433875560760498047e-01,0.000000000000000000e+00,0.000000000000000000e+00,7.323398590087890625e-01,3.400844987481832504e-03,0.000000000000000000e+00,5.896104127168655396e-02,2.899517714977264404e-01,5.828967690467834473e-01,2.312033995985984802e-02,0.000000000000000000e+00,2.234101444482803345e-01,9.101454913616180420e-02,0.000000000000000000e+00,0.000000000000000000e+00,0.000000000000000000e+00,5.387786030769348145e-01,0.000000000000000000e+00,0.000000000000000000e+00,0.000000000000000000e+00,0.000000000000000000e+00,0.000000000000000000e+00,4.769805669784545898e-01,4.393794834613800049e-01,0.000000000000000000e+00,5.973099470138549805e-01,8.943375349044799805e-01,5.811781287193298340e-01,4.186977818608283997e-02,0.000000000000000000e+00,1.303699426352977753e-02,6.923924684524536133e-01,1.888835787773132324e+00,4.542676210403442383e-01,5.616518259048461914e-01,6.192428618669509888e-02,9.018041938543319702e-02,0.000000000000000000e+00
7.908508926630020142e-02,8.690494298934936523e-01,0.000000000000000000e+00,3.458731174468994141e-01,2.951263487339019775e-01,0.000000000000000000e+00,3.435070812702178955e-02,1.199656128883361816e-01,0.000000000000000000e+00,0.000000000000000000e+00,8.232691884040832520e-02,5.257102251052856445e-01,1.991597469896078110e-03,0.000000000000000000e+00,4.599364697933197021e-01,2.196660637855529785e-02,2.366910874843597412e-01,3.160482645034790039e-01,4.126443862915039062e-01,0.000000000000000000e+00,4.279144704341888428e-01,0.000000000000000000e+00,0.000000000000000000e+00,2.639619112014770508e-01,2.157742977142333984e-01,3.124774217605590820e+00,0.000000000000000000e+00,0.000000000000000000e+00,0.000000000000000000e+00,0.000000000000000000e+00,9.454329311847686768e-02,7.965310476720333099e-03,0.000000000000000000e+00,5.799521505832672119e-02,0.000000000000000000e+00,2.203899249434471130e-02,2.748558521270751953e-01,0.000000000000000000e+00,5.094765424728393555e-01,0.000000000000000000e+00,0.000000000000000000e+00,5.374870896339416504e-01,0.000000000000000000e+00,4.406384378671646118e-02,0.000000000000000000e+00,2.275699004530906677e-02,2.913039922714233398e-01,2.259535342454910278e-01,0.000000000000000000e+00,1.494184732437133789e-01,1.814547181129455566e-01,6.253908276557922363e-01,6.247579678893089294e-02,0.000000000000000000e+00,0.000000000000000000e+00,2.854544110596179962e-02,0.000000000000000000e+00,1.402592845261096954e-02,5.292313694953918457e-01,9.003647565841674805e-01,0.000000000000000000e+00,5.065140314400196075e-03,3.396282345056533813e-02,2.266571223735809326e-01,0.000000000000000000e+00,1.125367999076843262e+00,0.000000000000000000e+00,5.710413455963134766e-01,0.000000000000000000e+00,0.000000000000000000e+00,0.000000000000000000e+00,1.680360883474349976e-01,3.469665050506591797e-01,0.000000000000000000e+00,0.000000000000000000e+00,2.132049761712551117e-03,0.000000000000000000e+00,1.288882493972778320e+00,0.000000000000000000e+00,7.821404933929443359e-02,4.587014019489288330e-02,1.422728504985570908e-02,3.917118012905120850e-01,0.000000000000000000e+00,0.000000000000000000e+00,0.000000000000000000e+00,0.000000000000000000e+00,0.000000000000000000e+00,0.000000000000000000e+00,2.472076714038848877e-01,0.000000000000000000e+00,0.000000000000000000e+00,0.000000000000000000e+00,7.781717181205749512e-01,1.720442473888397217e-01,0.000000000000000000e+00,5.258496999740600586e-01,0.000000000000000000e+00,2.793053984642028809e-01,9.692029654979705811e-02,2.748960852622985840e-01,9.485103935003280640e-02,1.439903676509857178e-01,0.000000000000000000e+00,0.000000000000000000e+00,0.000000000000000000e+00,0.000000000000000000e+00,0.000000000000000000e+00,0.000000000000000000e+00,0.000000000000000000e+00,5.189762115478515625e-01,0.000000000000000000e+00,4.521951675415039062e-01,1.978619098663330078e-01,0.000000000000000000e+00,2.561456859111785889e-01,4.405774548649787903e-02,1.277918647974729538e-02,1.235426366329193115e-01,0.000000000000000000e+00,2.035678774118423462e-01,8.448421955108642578e-01,1.822159290313720703e+00,0.000000000000000000e+00,9.212917834520339966e-02,7.296635955572128296e-02,0.000000000000000000e+00,0.000000000000000000e+00
5.217916965484619141e-01,5.994809269905090332e-01,0.000000000000000000e+00,2.586789727210998535e-01,1.534922868013381958e-01,0.000000000000000000e+00,5.034110546112060547e-01,2.645709216594696045e-01,0.000000000000000000e+00,6.570060253143310547e-01,1.226474046707153320e-01,3.173139691352844238e-01,0.000000000000000000e+00,0.000000000000000000e+00,2.530057430267333984e-01,6.609992682933807373e-02,4.652975797653198242e-01,3.303818702697753906e-01,2.395039200782775879e-01,0.000000000000000000e+00,2.586989104747772217e-01,5.633276104927062988e-01,0.000000000000000000e+00,1.891584992408752441e-01,4.080455303192138672e-01,3.001451730728149414e+00,0.000000000000000000e+00,0.000000000000000000e+00,1.600427031517028809e-01,0.000000000000000000e+00,4.511132836341857910e-02,1.279102861881256104e-01,0.000000000000000000e+00,1.235423088073730469e+00,0.000000000000000000e+00,1.668066084384918213e-01,1.151923984289169312e-01,1.430601477622985840e-01,6.532317399978637695e-01,5.893953442573547363e-01,0.000000000000000000e+00,4.826513230800628662e-01,0.000000000000000000e+00,3.110599704086780548e-03,0.000000000000000000e+00,6.733795255422592163e-02,0.000000000000000000e+00,5.475661158561706543e-01,0.000000000000000000e+00,5.539715290069580078e-01,2.878538072109222412e-01,8.953130245208740234e-01,7.205103337764739990e-02,6.440726108849048615e-03,0.000000000000000000e+00,4.794245213270187378e-02,0.000000000000000000e+00,4.202251136302947998e-01,4.628380537033081055e-01,1.160914063453674316e+00,0.000000000000000000e+00,3.417987376451492310e-02,1.631237417459487915e-01,4.098318219184875488e-01,0.000000000000000000e+00,6.485776901245117188e-01,0.000000000000000000e+00,1.359492354094982147e-02,0.000000000000000000e+00,7.981328666210174561e-02,1.425126492977142334e-01,5.567244291305541992e-01,1.004647612571716309e-01,0.000000000000000000e+00,0.000000000000000000e+00,0.000000000000000000e+00,1.208404079079627991e-03,8.120951652526855469e-01,0.000000000000000000e+00,5.349783897399902344e-01,0.000000000000000000e+00,1.913162469863891602e-01,2.399184703826904297e-01,0.000000000000000000e+00,0.000000000000000000e+00,0.000000000000000000e+00,0.000000000000000000e+00,0.000000000000000000e+00,1.229637861251831055e-01,5.989788770675659180e-01,0.000000000000000000e+00,0.000000000000000000e+00,0.000000000000000000e+00,9.654210805892944336e-01,0.000000000000000000e+00,0.000000000000000000e+00,0.000000000000000000e+00,4.916855692863464355e-02,2.937180101871490479e-01,9.557260200381278992e-03,1.269238591194152832e-01,9.839956164360046387e-01,3.694247603416442871e-01,0.000000000000000000e+00,0.000000000000000000e+00,0.000000000000000000e+00,1.027279347181320190e-01,0.000000000000000000e+00,0.000000000000000000e+00,0.000000000000000000e+00,4.751507937908172607e-01,0.000000000000000000e+00,2.743090987205505371e-01,2.353608608245849609e-01,0.000000000000000000e+00,6.136829853057861328e-01,6.604594588279724121e-01,4.016539752483367920e-01,6.026357784867286682e-02,0.000000000000000000e+00,8.822692930698394775e-02,2.642367482185363770e-01,1.726229786872863770e+00,0.000000000000000000e+00,5.994121432304382324e-01,4.129022825509309769e-03,0.000000000000000000e+00,0.000000000000000000e+00
5.420045852661132812e-01,5.287995338439941406e-01,0.000000000000000000e+00,4.210842847824096680e-01,5.935217440128326416e-02,0.000000000000000000e+00,4.043610990047454834e-01,1.494857966899871826e-01,0.000000000000000000e+00,8.564116358757019043e-01,2.414586544036865234e-01,4.383080005645751953e-01,0.000000000000000000e+00,0.000000000000000000e+00,5.846273303031921387e-01,1.224753558635711670e-01,2.535080611705780029e-01,5.003426074981689453e-01,6.850873231887817383e-01,0.000000000000000000e+00,4.403880834579467773e-01,3.486073315143585205e-01,0.000000000000000000e+00,3.948239386081695557e-01,5.129812359809875488e-01,3.313146352767944336e+00,0.000000000000000000e+00,0.000000000000000000e+00,5.989878252148628235e-02,1.696940809488296509e-01,0.000000000000000000e+00,0.000000000000000000e+00,0.000000000000000000e+00,7.649723291397094727e-01,7.496345043182373047e-02,5.138640999794006348e-01,8.520392328500747681e-02,2.037587314844131470e-01,6.217846274375915527e-01,4.124377965927124023e-01,0.000000000000000000e+00,7.619709968566894531e-01,0.000000000000000000e+00,0.000000000000000000e+00,0.000000000000000000e+00,8.175797760486602783e-02,2.027296274900436401e-01,4.527593255043029785e-01,0.000000000000000000e+00,5.358049869537353516e-01,7.048435974866151810e-03,1.165613889694213867e+00,2.491287440061569214e-01,0.000000000000000000e+00,0.000000000000000000e+00,3.648994565010070801e-01,0.000000000000000000e+00,1.931274235248565674e-01,5.931812524795532227e-01,3.922475278377532959e-01,3.067278116941452026e-02,8.507986366748809814e-02,1.256691515445709229e-01,7.562119513750076294e-02,0.000000000000000000e+00,4.756703376770019531e-01,2.938307449221611023e-02,4.366002082824707031e-01,0.000000000000000000e+00,1.058156788349151611e-01,6.726652383804321289e-02,4.827724695205688477e-01,3.435795009136199951e-01,0.000000000000000000e+00,0.000000000000000000e+00,4.770789444446563721e-01,0.000000000000000000e+00,5.378754734992980957e-01,0.000000000000000000e+00,3.957174420356750488e-01,1.923740655183792114e-01,1.309101935476064682e-02,6.043452620506286621e-01,6.223820894956588745e-02,0.000000000000000000e+00,0.000000000000000000e+00,0.000000000000000000e+00,0.000000000000000000e+00,0.000000000000000000e+00,8.133950829505920410e-01,0.000000000000000000e+00,0.000000000000000000e+00,0.000000000000000000e+00,4.886973500251770020e-01,0.000000000000000000e+00,0.000000000000000000e+00,8.143435716629028320e-01,2.714273035526275635e-01,1.789162904024124146e-01,4.340438917279243469e-02,7.194232195615768433e-02,1.363327980041503906e+00,0.000000000000000000e+00,0.000000000000000000e+00,0.000000000000000000e+00,0.000000000000000000e+00,2.253507673740386963e-01,0.000000000000000000e+00,0.000000000000000000e+00,0.000000000000000000e+00,8.180501312017440796e-02,0.000000000000000000e+00,5.530029535293579102e-01,5.765512585639953613e-01,0.000000000000000000e+00,8.210763335227966309e-01,6.593877673149108887e-01,3.948016166687011719e-01,3.875394165515899658e-01,1.106812208890914917e-01,1.842726320028305054e-01,5.802199840545654297e-01,2.013847827911376953e+00,1.020381301641464233e-01,4.404679536819458008e-01,2.316366434097290039e-01,1.645710691809654236e-02,0.000000000000000000e+00
0.000000000000000000e+00,3.560586869716644287e-01,0.000000000000000000e+00,1.244717389345169067e-01,4.229999184608459473e-01,0.000000000000000000e+00,1.038878411054611206e-01,1.667536944150924683e-01,0.000000000000000000e+00,1.024789363145828247e-01,3.380125761032104492e-02,0.000000000000000000e+00,5.093628764152526855e-01,0.000000000000000000e+00,0.000000000000000000e+00,2.358942851424217224e-02,3.155538141727447510e-01,3.718446940183639526e-02,4.189648032188415527e-01,0.000000000000000000e+00,6.633726358413696289e-01,1.486718058586120605e-01,0.000000000000000000e+00,3.722324669361114502e-01,6.522229313850402832e-01,3.215616941452026367e+00,0.000000000000000000e+00,0.000000000000000000e+00,1.472435891628265381e-01,0.000000000000000000e+00,0.000000000000000000e+00,1.834399998188018799e-01,0.000000000000000000e+00,3.304821848869323730e-01,0.000000000000000000e+00,8.843305706977844238e-02,2.092776596546173096e-01,2.076396718621253967e-02,1.525042653083801270e-01,0.000000000000000000e+00,0.000000000000000000e+00,0.000000000000000000e+00,0.000000000000000000e+00,8.855144679546356201e-02,0.000000000000000000e+00,3.590779006481170654e-02,0.000000000000000000e+00,0.000000000000000000e+00,0.000000000000000000e+00,7.110235691070556641e-01,2.270898520946502686e-01,3.449164330959320068e-02,4.537121355533599854e-01,1.392443478107452393e-02,0.000000000000000000e+00,4.605439677834510803e-02,0.000000000000000000e+00,7.349656820297241211e-01,4.541324079036712646e-01,7.756825089454650879e-01,0.000000000000000000e+00,1.502768136560916901e-02,9.973202645778656006e-02,1.290796101093292236e-01,0.000000000000000000e+00,5.605684518814086914e-01,0.000000000000000000e+00,3.186327815055847168e-01,0.000000000000000000e+00,6.495684981346130371e-01,3.167853951454162598e-01,4.133037030696868896e-01,1.303921341896057129e-01,0.000000000000000000e+00,0.000000000000000000e+00,1.244619563221931458e-01,0.000000000000000000e+00,6.398209333419799805e-01,0.000000000000000000e+00,0.000000000000000000e+00,0.000000000000000000e+00,2.658327221870422363e-01,3.436256945133209229e-01,0.000000000000000000e+00,0.000000000000000000e+00,0.000000000000000000e+00,0.000000000000000000e+00,1.529759317636489868e-01,0.000000000000000000e+00,2.390767037868499756e-01,0.000000000000000000e+00,0.000000000000000000e+00,0.000000000000000000e+00,8.800591826438903809e-01,4.240988194942474365e-02,0.000000000000000000e+00,0.000000000000000000e+00,0.000000000000000000e+00,1.616589277982711792e-01,0.000000000000000000e+00,7.156589999794960022e-03,2.288203686475753784e-04,2.295060604810714722e-01,0.000000000000000000e+00,0.000000000000000000e+00,0.000000000000000000e+00,0.000000000000000000e+00,0.000000000000000000e+00,0.000000000000000000e+00,0.000000000000000000e+00,1.621980428695678711e+00,0.000000000000000000e+00,9.662209451198577881e-02,9.023955464363098145e-02,0.000000000000000000e+00,1.591899394989013672e-01,1.928895711898803711e-01,1.208846271038055420e-01,1.007767841219902039e-01,0.000000000000000000e+00,2.408186905086040497e-02,4.463788866996765137e-02,1.967369198799133301e+00,4.017277657985687256e-01,3.186963498592376709e-01,6.814481317996978760e-02,0.000000000000000000e+00,0.000000000000000000e+00
0.000000000000000000e+00,3.560586869716644287e-01,0.000000000000000000e+00,1.244717389345169067e-01,4.229999184608459473e-01,0.000000000000000000e+00,1.038878411054611206e-01,1.667536944150924683e-01,0.000000000000000000e+00,1.024789363145828247e-01,3.380125761032104492e-02,0.000000000000000000e+00,5.093628764152526855e-01,0.000000000000000000e+00,0.000000000000000000e+00,2.358942851424217224e-02,3.155538141727447510e-01,3.718446940183639526e-02,4.189648032188415527e-01,0.000000000000000000e+00,6.633726358413696289e-01,1.486718058586120605e-01,0.000000000000000000e+00,3.722324669361114502e-01,6.522229313850402832e-01,3.215616941452026367e+00,0.000000000000000000e+00,0.000000000000000000e+00,1.472435891628265381e-01,0.000000000000000000e+00,0.000000000000000000e+00,1.834399998188018799e-01,0.000000000000000000e+00,3.304821848869323730e-01,0.000000000000000000e+00,8.843305706977844238e-02,2.092776596546173096e-01,2.076396718621253967e-02,1.525042653083801270e-01,0.000000000000000000e+00,0.000000000000000000e+00,0.000000000000000000e+00,0.000000000000000000e+00,8.855144679546356201e-02,0.000000000000000000e+00,3.590779006481170654e-02,0.000000000000000000e+00,0.000000000000000000e+00,0.000000000000000000e+00,7.110235691070556641e-01,2.270898520946502686e-01,3.449164330959320068e-02,4.537121355533599854e-01,1.392443478107452393e-02,0.000000000000000000e+00,4.605439677834510803e-02,0.000000000000000000e+00,7.349656820297241211e-01,4.541324079036712646e-01,7.756825089454650879e-01,0.000000000000000000e+00,1.502768136560916901e-02,9.973202645778656006e-02,1.290796101093292236e-01,0.000000000000000000e+00,5.605684518814086914e-01,0.000000000000000000e+00,3.186327815055847168e-01,0.000000000000000000e+00,6.495684981346130371e-01,3.167853951454162598e-01,4.133037030696868896e-01,1.303921341896057129e-01,0.000000000000000000e+00,0.000000000000000000e+00,1.244619563221931458e-01,0.000000000000000000e+00,6.398209333419799805e-01,0.000000000000000000e+00,0.000000000000000000e+00,0.000000000000000000e+00,2.658327221870422363e-01,3.436256945133209229e-01,0.000000000000000000e+00,0.000000000000000000e+00,0.000000000000000000e+00,0.000000000000000000e+00,1.529759317636489868e-01,0.000000000000000000e+00,2.390767037868499756e-01,0.000000000000000000e+00,0.000000000000000000e+00,0.000000000000000000e+00,8.800591826438903809e-01,4.240988194942474365e-02,0.000000000000000000e+00,0.000000000000000000e+00,0.000000000000000000e+00,1.616589277982711792e-01,0.000000000000000000e+00,7.156589999794960022e-03,2.288203686475753784e-04,2.295060604810714722e-01,0.000000000000000000e+00,0.000000000000000000e+00,0.000000000000000000e+00,0.000000000000000000e+00,0.000000000000000000e+00,0.000000000000000000e+00,0.000000000000000000e+00,1.621980428695678711e+00,0.000000000000000000e+00,9.662209451198577881e-02,9.023955464363098145e-02,0.000000000000000000e+00,1.591899394989013672e-01,1.928895711898803711e-01,1.208846271038055420e-01,1.007767841219902039e-01,0.000000000000000000e+00,2.408186905086040497e-02,4.463788866996765137e-02,1.967369198799133301e+00,4.017277657985687256e-01,3.186963498592376709e-01,6.814481317996978760e-02,0.000000000000000000e+00,0.000000000000000000e+00
3.054709136486053467e-01,2.785155177116394043e-01,0.000000000000000000e+00,9.101038426160812378e-02,5.237298607826232910e-01,0.000000000000000000e+00,2.740881443023681641e-01,0.000000000000000000e+00,0.000000000000000000e+00,7.316130399703979492e-01,1.772612705826759338e-02,6.874830275774002075e-02,1.312471032142639160e-01,0.000000000000000000e+00,5.986538901925086975e-02,0.000000000000000000e+00,8.304389715194702148e-01,1.877195239067077637e-01,2.910321056842803955e-01,0.000000000000000000e+00,2.472385764122009277e-01,3.218697011470794678e-02,0.000000000000000000e+00,1.936272382736206055e-01,4.441791176795959473e-01,3.231151342391967773e+00,0.000000000000000000e+00,0.000000000000000000e+00,0.000000000000000000e+00,1.583499014377593994e-01,8.321085572242736816e-02,6.114720106124877930e-01,0.000000000000000000e+00,1.642803698778152466e-01,3.846479058265686035e-01,1.566725373268127441e-01,1.989566534757614136e-01,5.917631387710571289e-01,2.095212936401367188e-01,1.281938552856445312e-01,0.000000000000000000e+00,7.195857912302017212e-02,0.000000000000000000e+00,1.860271841287612915e-01,0.000000000000000000e+00,4.879462718963623047e-02,4.386866986751556396e-01,8.305959403514862061e-03,0.000000000000000000e+00,1.195807337760925293e+00,0.000000000000000000e+00,1.079343929886817932e-01,2.140469104051589966e-01,7.856326699256896973e-01,0.000000000000000000e+00,2.590154670178890228e-02,0.000000000000000000e+00,7.039408683776855469e-01,1.528543531894683838e-01,8.250543475151062012e-01,2.620896995067596436e-01,9.892512112855911255e-02,4.446385502815246582e-01,2.680740132927894592e-02,0.000000000000000000e+00,5.339323878288269043e-01,0.000000000000000000e+00,4.605865478515625000e-01,0.000000000000000000e+00,4.560758769512176514e-01,1.925341635942459106e-01,4.182106256484985352e-02,0.000000000000000000e+00,0.000000000000000000e+00,0.000000000000000000e+00,8.430745452642440796e-02,5.638941526412963867e-01,2.460029870271682739e-01,0.000000000000000000e+00,2.554932534694671631e-01,0.000000000000000000e+00,7.883234322071075439e-02,1.769537329673767090e-01,0.000000000000000000e+00,0.000000000000000000e+00,0.000000000000000000e+00,0.000000000000000000e+00,6.856101751327514648e-02,2.053298503160476685e-01,3.076284229755401611e-01,2.617439031600952148e-01,0.000000000000000000e+00,0.000000000000000000e+00,4.080244302749633789e-01,2.061264663934707642e-01,0.000000000000000000e+00,1.970450393855571747e-02,3.026377037167549133e-02,2.560701370239257812e-01,4.004237353801727295e-01,2.457466423511505127e-01,1.811477243900299072e-01,3.672420382499694824e-01,0.000000000000000000e+00,0.000000000000000000e+00,0.000000000000000000e+00,1.293710470199584961e-01,0.000000000000000000e+00,0.000000000000000000e+00,0.000000000000000000e+00,6.235774755477905273e-01,0.000000000000000000e+00,2.967445179820060730e-02,0.000000000000000000e+00,0.000000000000000000e+00,2.781424224376678467e-01,1.798656731843948364e-01,5.354580879211425781e-01,2.275988906621932983e-01,0.000000000000000000e+00,8.154115080833435059e-01,5.190145969390869141e-01,1.903346300125122070e+00,4.845840930938720703e-01,1.636928319931030273e-01,2.089132368564605713e-02,5.749355554580688477e-01,0.000000000000000000e+00
3.054709136486053467e-01,2.785155177116394043e-01,0.000000000000000000e+00,9.101038426160812378e-02,5.237298607826232910e-01,0.000000000000000000e+00,2.740881443023681641e-01,0.000000000000000000e+00,0.000000000000000000e+00,7.316130399703979492e-01,1.772612705826759338e-02,6.874830275774002075e-02,1.312471032142639160e-01,0.000000000000000000e+00,5.986538901925086975e-02,0.000000000000000000e+00,8.304389715194702148e-01,1.877195239067077637e-01,2.910321056842803955e-01,0.000000000000000000e+00,2.472385764122009277e-01,3.218697011470794678e-02,0.000000000000000000e+00,1.936272382736206055e-01,4.441791176795959473e-01,3.231151342391967773e+00,0.000000000000000000e+00,0.000000000000000000e+00,0.000000000000000000e+00,1.583499014377593994e-01,8.321085572242736816e-02,6.114720106124877930e-01,0.000000000000000000e+00,1.642803698778152466e-01,3.846479058265686035e-01,1.566725373268127441e-01,1.989566534757614136e-01,5.917631387710571289e-01,2.095212936401367188e-01,1.281938552856445312e-01,0.000000000000000000e+00,7.195857912302017212e-02,0.000000000000000000e+00,1.860271841287612915e-01,0.000000000000000000e+00,4.879462718963623047e-02,4.386866986751556396e-01,8.305959403514862061e-03,0.000000000000000000e+00,1.195807337760925293e+00,0.000000000000000000e+00,1.079343929886817932e-01,2.140469104051589966e-01,7.856326699256896973e-01,0.000000000000000000e+00,2.590154670178890228e-02,0.000000000000000000e+00,7.039408683776855469e-01,1.528543531894683838e-01,8.250543475151062012e-01,2.620896995067596436e-01,9.892512112855911255e-02,4.446385502815246582e-01,2.680740132927894592e-02,0.000000000000000000e+00,5.339323878288269043e-01,0.000000000000000000e+00,4.605865478515625000e-01,0.000000000000000000e+00,4.560758769512176514e-01,1.925341635942459106e-01,4.182106256484985352e-02,0.000000000000000000e+00,0.000000000000000000e+00,0.000000000000000000e+00,8.430745452642440796e-02,5.638941526412963867e-01,2.460029870271682739e-01,0.000000000000000000e+00,2.554932534694671631e-01,0.000000000000000000e+00,7.883234322071075439e-02,1.769537329673767090e-01,0.000000000000000000e+00,0.000000000000000000e+00,0.000000000000000000e+00,0.000000000000000000e+00,6.856101751327514648e-02,2.053298503160476685e-01,3.076284229755401611e-01,2.617439031600952148e-01,0.000000000000000000e+00,0.000000000000000000e+00,4.080244302749633789e-01,2.061264663934707642e-01,0.000000000000000000e+00,1.970450393855571747e-02,3.026377037167549133e-02,2.560701370239257812e-01,4.004237353801727295e-01,2.457466423511505127e-01,1.811477243900299072e-01,3.672420382499694824e-01,0.000000000000000000e+00,0.000000000000000000e+00,0.000000000000000000e+00,1.293710470199584961e-01,0.000000000000000000e+00,0.000000000000000000e+00,0.000000000000000000e+00,6.235774755477905273e-01,0.000000000000000000e+00,2.967445179820060730e-02,0.000000000000000000e+00,0.000000000000000000e+00,2.781424224376678467e-01,1.798656731843948364e-01,5.354580879211425781e-01,2.275988906621932983e-01,0.000000000000000000e+00,8.154115080833435059e-01,5.190145969390869141e-01,1.903346300125122070e+00,4.845840930938720703e-01,1.636928319931030273e-01,2.089132368564605713e-02,5.749355554580688477e-01,0.000000000000000000e+00
0.000000000000000000e+00,7.409633994102478027e-01,0.000000000000000000e+00,5.807187408208847046e-02,6.235188245773315430e-01,0.000000000000000000e+00,5.393610894680023193e-02,1.725777797400951385e-02,0.000000000000000000e+00,3.366544246673583984e-01,0.000000000000000000e+00,6.289388239383697510e-02,4.722694456577301025e-01,0.000000000000000000e+00,0.000000000000000000e+00,1.082557812333106995e-01,1.166476488113403320e+00,1.289525628089904785e-01,3.222223371267318726e-02,0.000000000000000000e+00,1.966909468173980713e-01,2.536524087190628052e-02,0.000000000000000000e+00,1.166761666536331177e-01,3.633835911750793457e-01,2.886447906494140625e+00,0.000000000000000000e+00,0.000000000000000000e+00,0.000000000000000000e+00,0.000000000000000000e+00,3.252585232257843018e-02,1.192858099937438965e+00,0.000000000000000000e+00,1.112013310194015503e-01,0.000000000000000000e+00,1.784538924694061279e-01,4.994331598281860352e-01,2.782412990927696228e-02,3.033629357814788818e-01,4.909069091081619263e-02,0.000000000000000000e+00,0.000000000000000000e+00,0.000000000000000000e+00,0.000000000000000000e+00,0.000000000000000000e+00,0.000000000000000000e+00,0.000000000000000000e+00,1.434328854084014893e-01,0.000000000000000000e+00,1.035410881042480469e+00,1.317722499370574951e-01,4.747483879327774048e-02,9.476020932197570801e-02,2.356422990560531616e-01,0.000000000000000000e+00,0.000000000000000000e+00,0.000000000000000000e+00,4.065710306167602539e-01,4.847060889005661011e-02,5.555185675621032715e-01,0.000000000000000000e+00,0.000000000000000000e+00,2.908987551927566528e-02,2.639335021376609802e-02,0.000000000000000000e+00,7.692258358001708984e-01,0.000000000000000000e+00,6.222465038299560547e-01,0.000000000000000000e+00,6.476701498031616211e-01,1.964176297187805176e-01,1.560790091753005981e-02,1.750269532203674316e-01,0.000000000000000000e+00,0.000000000000000000e+00,2.034336924552917480e-01,0.000000000000000000e+00,2.995544373989105225e-01,0.000000000000000000e+00,9.760679304599761963e-02,1.076639164239168167e-02,1.047145128250122070e-01,4.827018082141876221e-02,0.000000000000000000e+00,0.000000000000000000e+00,0.000000000000000000e+00,0.000000000000000000e+00,2.728739939630031586e-02,1.880001425743103027e-01,2.304952740669250488e-01,0.000000000000000000e+00,0.000000000000000000e+00,0.000000000000000000e+00,6.841874122619628906e-01,8.527688980102539062e-01,0.000000000000000000e+00,0.000000000000000000e+00,0.000000000000000000e+00,2.553942203521728516e-01,7.216928899288177490e-02,3.996084630489349365e-02,3.200198709964752197e-02,1.067321062088012695e+00,0.000000000000000000e+00,0.000000000000000000e+00,0.000000000000000000e+00,4.324182868003845215e-02,0.000000000000000000e+00,0.000000000000000000e+00,0.000000000000000000e+00,8.569567203521728516e-01,0.000000000000000000e+00,1.277675628662109375e-01,1.392889320850372314e-01,0.000000000000000000e+00,1.650334745645523071e-01,9.199855849146842957e-03,0.000000000000000000e+00,1.584190130233764648e-01,6.644311547279357910e-02,6.366767883300781250e-01,5.144764482975006104e-02,1.394502162933349609e+00,3.164770603179931641e-01,1.050389558076858521e-01,8.941821753978729248e-03,9.195429831743240356e-02,0.000000000000000000e+00
0.000000000000000000e+00,1.415813446044921875e+00,0.000000000000000000e+00,3.955505415797233582e-02,8.326624035835266113e-01,0.000000000000000000e+00,2.503820657730102539e-01,9.901896119117736816e-02,0.000000000000000000e+00,1.673288457095623016e-02,2.653775736689567566e-02,0.000000000000000000e+00,5.161306262016296387e-01,0.000000000000000000e+00,4.763016849756240845e-02,4.569098353385925293e-02,1.754650920629501343e-01,1.676838099956512451e-01,7.900000810623168945e-01,0.000000000000000000e+00,6.551802158355712891e-01,1.273434907197952271e-01,0.000000000000000000e+00,7.254465818405151367e-01,4.829033017158508301e-01,2.858681440353393555e+00,0.000000000000000000e+00,0.000000000000000000e+00,2.161350660026073456e-02,0.000000000000000000e+00,6.005651131272315979e-02,6.946635842323303223e-01,0.000000000000000000e+00,0.000000000000000000e+00,0.000000000000000000e+00,1.133979670703411102e-02,4.192565083503723145e-01,1.391542851924896240e-01,1.099561378359794617e-01,5.962806567549705505e-02,0.000000000000000000e+00,0.000000000000000000e+00,0.000000000000000000e+00,0.000000000000000000e+00,0.000000000000000000e+00,1.570718884468078613e-01,0.000000000000000000e+00,0.000000000000000000e+00,0.000000000000000000e+00,1.728747040033340454e-01,2.009391039609909058e-02,0.000000000000000000e+00,8.241978287696838379e-01,1.708420068025588989e-01,0.000000000000000000e+00,1.109283044934272766e-01,0.000000000000000000e+00,1.546652168035507202e-01,9.980397224426269531e-01,2.624265253543853760e-01,4.391905665397644043e-01,0.000000000000000000e+00,2.449413537979125977e-01,5.083798766136169434e-01,0.000000000000000000e+00,9.130845069885253906e-01,4.987687617540359497e-02,5.392987728118896484e-01,0.000000000000000000e+00,8.837235569953918457e-01,0.000000000000000000e+00,0.000000000000000000e+00,5.395419150590896606e-02,0.000000000000000000e+00,0.000000000000000000e+00,3.843207061290740967e-01,0.000000000000000000e+00,7.749735713005065918e-01,0.000000000000000000e+00,9.662437438964843750e-02,1.696877032518386841e-01,0.000000000000000000e+00,5.399755239486694336e-01,0.000000000000000000e+00,0.000000000000000000e+00,0.000000000000000000e+00,0.000000000000000000e+00,1.634688228368759155e-01,0.000000000000000000e+00,3.111578524112701416e-01,5.031054373830556870e-03,0.000000000000000000e+00,0.000000000000000000e+00,1.312511444091796875e+00,1.326792478561401367e+00,0.000000000000000000e+00,2.280118167400360107e-01,0.000000000000000000e+00,5.612519383430480957e-01,0.000000000000000000e+00,4.616444706916809082e-01,0.000000000000000000e+00,6.194558739662170410e-01,0.000000000000000000e+00,0.000000000000000000e+00,0.000000000000000000e+00,0.000000000000000000e+00,0.000000000000000000e+00,0.000000000000000000e+00,0.000000000000000000e+00,8.513859510421752930e-01,0.000000000000000000e+00,2.455710768699645996e-01,3.112727403640747070e-01,0.000000000000000000e+00,3.193894922733306885e-01,3.284864500164985657e-02,1.890190839767456055e-01,7.188161015510559082e-01,1.011973917484283447e-01,5.309901237487792969e-01,4.075824320316314697e-01,1.638429284095764160e+00,1.011838197708129883e+00,0.000000000000000000e+00,2.925752699375152588e-01,0.000000000000000000e+00,0.000000000000000000e+00
0.000000000000000000e+00,5.593492388725280762e-01,0.000000000000000000e+00,1.311833411455154419e-01,8.178418874740600586e-01,0.000000000000000000e+00,2.414586842060089111e-01,1.091619953513145447e-03,0.000000000000000000e+00,0.000000000000000000e+00,5.042882263660430908e-02,0.000000000000000000e+00,8.680834621191024780e-02,0.000000000000000000e+00,0.000000000000000000e+00,3.055476956069469452e-02,2.061004638671875000e-01,0.000000000000000000e+00,5.897006988525390625e-01,0.000000000000000000e+00,8.310371041297912598e-01,9.582063555717468262e-02,0.000000000000000000e+00,4.574217498302459717e-01,6.049280762672424316e-01,3.354834556579589844e+00,0.000000000000000000e+00,0.000000000000000000e+00,2.188042849302291870e-01,0.000000000000000000e+00,9.473361819982528687e-02,3.180960416793823242e-01,0.000000000000000000e+00,3.547924757003784180e-02,0.000000000000000000e+00,1.695749349892139435e-02,2.002801150083541870e-01,2.417635545134544373e-02,0.000000000000000000e+00,0.000000000000000000e+00,0.000000000000000000e+00,0.000000000000000000e+00,0.000000000000000000e+00,0.000000000000000000e+00,0.000000000000000000e+00,4.076459631323814392e-02,0.000000000000000000e+00,0.000000000000000000e+00,0.000000000000000000e+00,6.162182092666625977e-01,0.000000000000000000e+00,0.000000000000000000e+00,7.145625352859497070e-01,1.135636717081069946e-01,0.000000000000000000e+00,0.000000000000000000e+00,0.000000000000000000e+00,2.409428656101226807e-01,5.880118608474731445e-01,6.009062528610229492e-01,8.903939276933670044e-02,7.166314125061035156e-02,3.349456787109375000e-01,2.656565010547637939e-01,0.000000000000000000e+00,6.911944150924682617e-01,0.000000000000000000e+00,6.513354778289794922e-01,0.000000000000000000e+00,5.447671413421630859e-01,3.189783990383148193e-01,3.021209314465522766e-02,9.579041600227355957e-02,0.000000000000000000e+00,0.000000000000000000e+00,6.744268536567687988e-02,0.000000000000000000e+00,6.481409668922424316e-01,0.000000000000000000e+00,8.230165392160415649e-02,2.405152656137943268e-03,1.054296791553497314e-01,4.930699467658996582e-01,0.000000000000000000e+00,0.000000000000000000e+00,0.000000000000000000e+00,0.000000000000000000e+00,4.094867967069149017e-03,5.280190333724021912e-02,4.183481931686401367e-01,0.000000000000000000e+00,0.000000000000000000e+00,0.000000000000000000e+00,8.522540330886840820e-01,1.249050259590148926e+00,0.000000000000000000e+00,8.713983744382858276e-02,0.000000000000000000e+00,3.433630764484405518e-01,1.310470253229141235e-01,7.013719081878662109e-01,0.000000000000000000e+00,5.492590665817260742e-01,0.000000000000000000e+00,0.000000000000000000e+00,0.000000000000000000e+00,0.000000000000000000e+00,0.000000000000000000e+00,0.000000000000000000e+00,0.000000000000000000e+00,1.110618948936462402e+00,0.000000000000000000e+00,8.218003064393997192e-02,0.000000000000000000e+00,0.000000000000000000e+00,2.419558912515640259e-01,6.009506061673164368e-02,2.012384124100208282e-02,2.463003993034362793e-01,0.000000000000000000e+00,6.782577633857727051e-01,9.562809765338897705e-02,1.701906085014343262e+00,6.397379636764526367e-01,2.126484513282775879e-01,5.391780659556388855e-02,4.433363676071166992e-02,0.000000000000000000e+00
7.438161373138427734e-01,4.273280203342437744e-01,0.000000000000000000e+00,3.278445005416870117e-01,0.000000000000000000e+00,0.000000000000000000e+00,2.179575562477111816e-01,0.000000000000000000e+00,0.000000000000000000e+00,5.650957822799682617e-01,2.216126918792724609e-01,3.997935056686401367e-01,7.392208576202392578e-01,0.000000000000000000e+00,4.227599501609802246e-01,3.011304698884487152e-02,5.491319298744201660e-01,5.599064826965332031e-01,2.852215766906738281e-01,0.000000000000000000e+00,4.381957650184631348e-01,0.000000000000000000e+00,0.000000000000000000e+00,6.299730390310287476e-02,1.446809023618698120e-01,3.117285728454589844e+00,0.000000000000000000e+00,0.000000000000000000e+00,3.354800865054130554e-02,1.421705633401870728e-01,0.000000000000000000e+00,0.000000000000000000e+00,0.000000000000000000e+00,1.753108352422714233e-01,2.906087599694728851e-02,0.000000000000000000e+00,3.443096280097961426e-01,1.485275663435459137e-02,7.176117897033691406e-01,0.000000000000000000e+00,0.000000000000000000e+00,2.513533830642700195e-01,0.000000000000000000e+00,7.982780039310455322e-02,0.000000000000000000e+00,0.000000000000000000e+00,4.357273280620574951e-01,4.640195071697235107e-01,0.000000000000000000e+00,6.459710597991943359e-01,2.379036974161863327e-03,5.637645721435546875e-01,6.093724370002746582e-01,0.000000000000000000e+00,0.000000000000000000e+00,2.627974748611450195e-01,0.000000000000000000e+00,2.827481329441070557e-01,6.146885752677917480e-01,8.742890954017639160e-01,1.739424169063568115e-01,4.035267047584056854e-03,0.000000000000000000e+00,1.138741895556449890e-01,0.000000000000000000e+00,3.187659084796905518e-01,0.000000000000000000e+00,2.130510807037353516e-01,0.000000000000000000e+00,4.878773540258407593e-02,1.189610213041305542e-01,2.351465225219726562e-01,2.451128065586090088e-01,0.000000000000000000e+00,0.000000000000000000e+00,1.645062863826751709e-02,6.895367056131362915e-02,8.471438884735107422e-01,0.000000000000000000e+00,3.588902354240417480e-01,3.320452198386192322e-02,0.000000000000000000e+00,2.836245596408843994e-01,6.858625262975692749e-02,0.000000000000000000e+00,0.000000000000000000e+00,0.000000000000000000e+00,0.000000000000000000e+00,0.000000000000000000e+00,1.278511404991149902e+00,2.562388777732849121e-01,0.000000000000000000e+00,0.000000000000000000e+00,6.184581518173217773e-01,0.000000000000000000e+00,0.000000000000000000e+00,1.992810666561126709e-01,0.000000000000000000e+00,3.224827721714973450e-02,3.486390709877014160e-01,5.888584852218627930e-01,5.354174971580505371e-01,1.221207603812217712e-01,0.000000000000000000e+00,0.000000000000000000e+00,0.000000000000000000e+00,9.699899703264236450e-03,0.000000000000000000e+00,0.000000000000000000e+00,3.978018835186958313e-02,1.159089803695678711e-02,0.000000000000000000e+00,2.742885351181030273e-01,1.057240739464759827e-01,0.000000000000000000e+00,1.299890637397766113e+00,4.086225628852844238e-01,3.514904156327247620e-02,0.000000000000000000e+00,2.473443746566772461e-03,7.525494694709777832e-02,5.354379415512084961e-01,1.936738729476928711e+00,6.377446651458740234e-01,3.033606708049774170e-01,0.000000000000000000e+00,0.000000000000000000e+00,0.000000000000000000e+00
1.252465963363647461e+00,6.877875328063964844e-01,0.000000000000000000e+00,1.506910920143127441e-01,3.036853857338428497e-02,0.000000000000000000e+00,4.547072947025299072e-01,7.217077016830444336e-01,0.000000000000000000e+00,7.579834461212158203e-01,8.394380211830139160e-01,9.731672406196594238e-01,0.000000000000000000e+00,0.000000000000000000e+00,5.937097668647766113e-01,0.000000000000000000e+00,5.537933111190795898e-01,3.759888410568237305e-01,3.455562293529510498e-01,0.000000000000000000e+00,2.305240780115127563e-01,5.086464881896972656e-01,0.000000000000000000e+00,4.125240743160247803e-01,4.627067744731903076e-01,3.058749914169311523e+00,0.000000000000000000e+00,0.000000000000000000e+00,4.103888198733329773e-02,3.220899030566215515e-03,1.469187438488006592e-01,2.620244026184082031e-02,0.000000000000000000e+00,8.222885131835937500e-01,0.000000000000000000e+00,6.619408726692199707e-02,1.294653210788965225e-02,1.076569631695747375e-01,3.338011503219604492e-01,1.307699978351593018e-01,0.000000000000000000e+00,1.032557368278503418e+00,0.000000000000000000e+00,4.364612698554992676e-02,0.000000000000000000e+00,0.000000000000000000e+00,5.135923027992248535e-01,7.317175269126892090e-01,0.000000000000000000e+00,3.261866569519042969e-01,2.663645744323730469e-01,8.791466951370239258e-01,2.752607166767120361e-01,0.000000000000000000e+00,0.000000000000000000e+00,0.000000000000000000e+00,0.000000000000000000e+00,7.280694246292114258e-01,4.241745769977569580e-01,8.708480596542358398e-01,0.000000000000000000e+00,3.115032985806465149e-02,1.730094850063323975e-01,6.854841858148574829e-02,0.000000000000000000e+00,5.027565360069274902e-01,1.023937016725540161e-01,7.796463966369628906e-01,0.000000000000000000e+00,0.000000000000000000e+00,2.764274924993515015e-02,5.755901336669921875e-01,1.769186705350875854e-01,0.000000000000000000e+00,0.000000000000000000e+00,2.975271269679069519e-02,2.570865675806999207e-02,7.092390656471252441e-01,0.000000000000000000e+00,1.451162248849868774e-01,1.509405374526977539e-01,3.486312031745910645e-01,3.787006437778472900e-01,0.000000000000000000e+00,0.000000000000000000e+00,0.000000000000000000e+00,0.000000000000000000e+00,0.000000000000000000e+00,2.243158072233200073e-01,6.770870685577392578e-01,0.000000000000000000e+00,0.000000000000000000e+00,0.000000000000000000e+00,8.602221608161926270e-01,0.000000000000000000e+00,0.000000000000000000e+00,2.263572961091995239e-01,2.335684448480606079e-01,2.388569861650466919e-01,9.625919163227081299e-03,8.916922844946384430e-03,6.555846929550170898e-01,1.799368262290954590e-01,0.000000000000000000e+00,0.000000000000000000e+00,0.000000000000000000e+00,3.414340019226074219e-01,0.000000000000000000e+00,0.000000000000000000e+00,1.789600551128387451e-01,5.517978668212890625e-01,0.000000000000000000e+00,3.416861295700073242e-01,5.267626047134399414e-01,0.000000000000000000e+00,7.419896125793457031e-01,5.427563190460205078e-01,5.395297408103942871e-01,4.867416024208068848e-01,0.000000000000000000e+00,1.986896395683288574e-01,6.613442897796630859e-01,1.751681685447692871e+00,0.000000000000000000e+00,6.662052273750305176e-01,5.794910341501235962e-02,0.000000000000000000e+00,0.000000000000000000e+00
1.246819272637367249e-02,7.809637784957885742e-01,0.000000000000000000e+00,3.566614165902137756e-02,8.565493226051330566e-01,0.000000000000000000e+00,2.234013527631759644e-01,1.378022879362106323e-01,0.000000000000000000e+00,3.287193179130554199e-01,3.789891675114631653e-02,0.000000000000000000e+00,2.129008322954177856e-01,0.000000000000000000e+00,2.176977694034576416e-02,0.000000000000000000e+00,1.245646119117736816e+00,3.801087141036987305e-01,3.901452720165252686e-01,0.000000000000000000e+00,3.220132589340209961e-01,2.268406376242637634e-02,0.000000000000000000e+00,5.622557401657104492e-01,2.915384471416473389e-01,2.695584535598754883e+00,0.000000000000000000e+00,0.000000000000000000e+00,5.503275617957115173e-02,0.000000000000000000e+00,3.795033693313598633e-01,9.322563409805297852e-01,0.000000000000000000e+00,4.122202470898628235e-02,8.699049800634384155e-02,2.133666574954986572e-01,1.111261621117591858e-01,1.291074752807617188e-01,1.445652991533279419e-01,1.580111980438232422e-01,0.000000000000000000e+00,0.000000000000000000e+00,0.000000000000000000e+00,2.277383208274841309e-01,0.000000000000000000e+00,5.279685184359550476e-02,1.316437870264053345e-01,1.540397554636001587e-01,0.000000000000000000e+00,8.751997351646423340e-01,7.740382850170135498e-02,6.294640153646469116e-02,1.253496766090393066e+00,4.340676069259643555e-01,0.000000000000000000e+00,9.950149804353713989e-02,0.000000000000000000e+00,7.296632528305053711e-01,4.643799066543579102e-01,5.076757669448852539e-01,7.788168191909790039e-01,9.934100508689880371e-02,6.146309971809387207e-01,1.000384837388992310e-01,0.000000000000000000e+00,9.789372682571411133e-01,3.344632685184478760e-02,4.468653500080108643e-01,0.000000000000000000e+00,4.882342815399169922e-01,3.716765344142913818e-02,7.630877196788787842e-03,1.470661442726850510e-02,0.000000000000000000e+00,0.000000000000000000e+00,6.753146648406982422e-02,0.000000000000000000e+00,2.558842599391937256e-01,0.000000000000000000e+00,2.880835533142089844e-01,0.000000000000000000e+00,0.000000000000000000e+00,2.165326625108718872e-01,0.000000000000000000e+00,0.000000000000000000e+00,0.000000000000000000e+00,0.000000000000000000e+00,2.331296913325786591e-02,0.000000000000000000e+00,2.643280327320098877e-01,5.380254983901977539e-01,0.000000000000000000e+00,0.000000000000000000e+00,1.233400940895080566e+00,1.795272946357727051e+00,0.000000000000000000e+00,1.635194197297096252e-02,1.209885329008102417e-01,6.733660101890563965e-01,0.000000000000000000e+00,3.535820841789245605e-01,0.000000000000000000e+00,1.330021023750305176e+00,0.000000000000000000e+00,0.000000000000000000e+00,0.000000000000000000e+00,0.000000000000000000e+00,0.000000000000000000e+00,0.000000000000000000e+00,0.000000000000000000e+00,7.716036438941955566e-01,0.000000000000000000e+00,2.986243367195129395e-02,5.905105546116828918e-02,0.000000000000000000e+00,2.253309935331344604e-01,6.537349522113800049e-02,8.122843503952026367e-01,6.128355264663696289e-01,0.000000000000000000e+00,7.139594554901123047e-01,6.055154204368591309e-01,1.839671373367309570e+00,1.018384695053100586e+00,0.000000000000000000e+00,7.506628334522247314e-02,2.697696685791015625e-01,0.000000000000000000e+00
6.145958602428436279e-02,2.533756494522094727e-01,0.000000000000000000e+00,3.350371494889259338e-02,1.703187584877014160e+00,0.000000000000000000e+00,1.585498601198196411e-01,8.163522928953170776e-02,0.000000000000000000e+00,3.453123271465301514e-01,4.163083434104919434e-02,0.000000000000000000e+00,9.131210446357727051e-01,0.000000000000000000e+00,1.216626539826393127e-02,1.381462346762418747e-02,1.069556713104248047e+00,5.542393401265144348e-02,3.400483131408691406e-01,0.000000000000000000e+00,3.370658159255981445e-01,0.000000000000000000e+00,0.000000000000000000e+00,2.171645015478134155e-01,2.996851801872253418e-01,2.632778644561767578e+00,0.000000000000000000e+00,0.000000000000000000e+00,0.000000000000000000e+00,1.055093705654144287e-01,4.824257493019104004e-01,5.010821819305419922e-01,0.000000000000000000e+00,4.414021223783493042e-02,2.446662187576293945e-01,1.688060313463211060e-01,3.239286243915557861e-01,2.247798442840576172e-01,8.143953233957290649e-02,4.253681749105453491e-02,0.000000000000000000e+00,0.000000000000000000e+00,0.000000000000000000e+00,9.081148356199264526e-02,0.000000000000000000e+00,0.000000000000000000e+00,1.687174439430236816e-01,0.000000000000000000e+00,0.000000000000000000e+00,8.089092373847961426e-01,8.045673370361328125e-02,0.000000000000000000e+00,5.649303793907165527e-01,5.804697796702384949e-02,0.000000000000000000e+00,2.289421409368515015e-01,6.798986345529556274e-03,7.051433622837066650e-02,3.778728842735290527e-01,3.689430356025695801e-01,5.056135654449462891e-01,8.245506882667541504e-02,1.957348734140396118e-01,6.697715725749731064e-03,0.000000000000000000e+00,6.264228820800781250e-01,4.582026600837707520e-02,1.245569586753845215e-01,0.000000000000000000e+00,1.283107280731201172e+00,1.766405999660491943e-01,9.939802438020706177e-02,2.796329185366630554e-02,0.000000000000000000e+00,0.000000000000000000e+00,0.000000000000000000e+00,7.634618878364562988e-02,5.398212075233459473e-01,0.000000000000000000e+00,7.444034516811370850e-02,1.838439330458641052e-02,2.391270361840724945e-03,2.522612810134887695e-01,3.842937946319580078e-02,0.000000000000000000e+00,0.000000000000000000e+00,0.000000000000000000e+00,0.000000000000000000e+00,0.000000000000000000e+00,1.961423158645629883e-01,0.000000000000000000e+00,0.000000000000000000e+00,0.000000000000000000e+00,9.145661592483520508e-01,6.608116626739501953e-01,0.000000000000000000e+00,0.000000000000000000e+00,7.811177521944046021e-03,2.399564683437347412e-01,1.381362378597259521e-01,5.274627804756164551e-01,5.068701505661010742e-02,6.202717423439025879e-01,0.000000000000000000e+00,0.000000000000000000e+00,0.000000000000000000e+00,6.932372599840164185e-02,0.000000000000000000e+00,0.000000000000000000e+00,1.214381903409957886e-01,1.438982129096984863e+00,0.000000000000000000e+00,1.008025333285331726e-01,1.013461947441101074e-01,0.000000000000000000e+00,1.228920221328735352e-01,7.535778731107711792e-02,5.159733891487121582e-01,0.000000000000000000e+00,7.748603820800781250e-05,2.159686088562011719e-01,5.744423270225524902e-01,1.513615965843200684e+00,8.300346136093139648e-01,3.578672558069229126e-02,6.947147846221923828e-02,2.128763198852539062e-01,0.000000000000000000e+00
6.275382637977600098e-02,5.963765978813171387e-01,0.000000000000000000e+00,1.387881487607955933e-01,1.155865550041198730e+00,0.000000000000000000e+00,3.497374653816223145e-01,5.965948104858398438e-02,0.000000000000000000e+00,1.706802546977996826e-01,1.912388503551483154e-01,0.000000000000000000e+00,2.157524824142456055e-01,0.000000000000000000e+00,1.826897263526916504e-03,3.270970582962036133e-01,7.829607725143432617e-01,3.286734968423843384e-02,4.507103264331817627e-01,0.000000000000000000e+00,4.016223847866058350e-01,1.819707006216049194e-01,0.000000000000000000e+00,7.475402951240539551e-01,8.043134808540344238e-01,3.185128688812255859e+00,0.000000000000000000e+00,0.000000000000000000e+00,5.864172801375389099e-02,0.000000000000000000e+00,3.301136493682861328e-01,6.790735125541687012e-01,0.000000000000000000e+00,1.601762473583221436e-01,2.482539117336273193e-01,7.165339775383472443e-03,2.241365462541580200e-01,4.768919199705123901e-02,3.499955311417579651e-02,1.437573432922363281e-01,0.000000000000000000e+00,7.155803963541984558e-03,0.000000000000000000e+00,0.000000000000000000e+00,0.000000000000000000e+00,8.352879434823989868e-03,2.531389892101287842e-01,7.716014981269836426e-02,0.000000000000000000e+00,8.300817012786865234e-01,3.590703755617141724e-02,3.065450116991996765e-03,4.810718297958374023e-01,7.543885111808776855e-01,0.000000000000000000e+00,1.213302649557590485e-02,4.301069676876068115e-02,9.442708492279052734e-01,5.417396426200866699e-01,2.901233434677124023e-01,3.090648055076599121e-01,1.883357390761375427e-02,9.642174839973449707e-01,1.571947485208511353e-01,0.000000000000000000e+00,4.696862101554870605e-01,1.633161902427673340e-01,2.973199486732482910e-01,0.000000000000000000e+00,1.828149408102035522e-01,3.491095602512359619e-01,8.302453905344009399e-02,3.286952152848243713e-02,0.000000000000000000e+00,0.000000000000000000e+00,8.206008933484554291e-03,1.036082133650779724e-01,1.855178773403167725e-01,0.000000000000000000e+00,3.849191591143608093e-02,0.000000000000000000e+00,2.591027878224849701e-03,4.443309009075164795e-01,1.713960990309715271e-02,0.000000000000000000e+00,0.000000000000000000e+00,0.000000000000000000e+00,1.432195454835891724e-01,1.242577135562896729e-01,3.466924726963043213e-01,4.322258010506629944e-02,0.000000000000000000e+00,0.000000000000000000e+00,8.141295909881591797e-01,3.978390991687774658e-01,0.000000000000000000e+00,2.372583560645580292e-02,6.746578961610794067e-02,5.386919975280761719e-01,8.236651122570037842e-02,2.591026425361633301e-01,1.121108978986740112e-01,8.539710640907287598e-01,0.000000000000000000e+00,0.000000000000000000e+00,0.000000000000000000e+00,1.036188304424285889e-01,0.000000000000000000e+00,0.000000000000000000e+00,0.000000000000000000e+00,5.660759210586547852e-01,0.000000000000000000e+00,2.161255478858947754e-02,0.000000000000000000e+00,0.000000000000000000e+00,3.220266103744506836e-01,2.207438945770263672e-01,9.808273911476135254e-01,7.689853310585021973e-01,0.000000000000000000e+00,3.659289181232452393e-01,3.783520162105560303e-01,1.749816060066223145e+00,9.852862954139709473e-01,5.209524184465408325e-02,0.000000000000000000e+00,4.590435624122619629e-01,0.000000000000000000e+00
4.411537051200866699e-01,1.109065055847167969e+00,0.000000000000000000e+00,9.243890047073364258e-01,2.926849387586116791e-02,0.000000000000000000e+00,4.081798791885375977e-01,8.794272541999816895e-01,0.000000000000000000e+00,7.503204345703125000e-01,4.612408280372619629e-01,1.241601467132568359e+00,7.084357086569070816e-03,0.000000000000000000e+00,6.124269366264343262e-01,1.167134121060371399e-01,6.996300816535949707e-02,7.173236012458801270e-01,6.037013530731201172e-01,0.000000000000000000e+00,3.110446631908416748e-01,7.516615390777587891e-01,0.000000000000000000e+00,5.388569235801696777e-01,3.958739042282104492e-01,2.805226087570190430e+00,0.000000000000000000e+00,0.000000000000000000e+00,2.904212176799774170e-01,1.936000399291515350e-02,3.287244588136672974e-02,0.000000000000000000e+00,0.000000000000000000e+00,8.066013455390930176e-01,0.000000000000000000e+00,4.805517196655273438e-01,0.000000000000000000e+00,9.887710213661193848e-02,9.666596055030822754e-01,3.957810997962951660e-01,0.000000000000000000e+00,1.346901893615722656e+00,0.000000000000000000e+00,0.000000000000000000e+00,0.000000000000000000e+00,2.746613919734954834e-01,1.460156589746475220e-01,5.951665043830871582e-01,0.000000000000000000e+00,3.688324391841888428e-01,5.838503241539001465e-01,1.157763957977294922e+00,1.345110386610031128e-01,0.000000000000000000e+00,0.000000000000000000e+00,4.448746442794799805e-01,2.010870538651943207e-02,3.699853718280792236e-01,4.658136963844299316e-01,7.410185337066650391e-01,2.066630870103836060e-02,3.488340675830841064e-01,2.518048584461212158e-01,5.278022885322570801e-01,0.000000000000000000e+00,1.054975271224975586e+00,1.089477166533470154e-01,9.957594275474548340e-01,0.000000000000000000e+00,1.170935854315757751e-01,6.810907274484634399e-03,7.580759525299072266e-01,1.278907179832458496e+00,0.000000000000000000e+00,0.000000000000000000e+00,6.106075644493103027e-02,1.978241279721260071e-02,7.587377429008483887e-01,0.000000000000000000e+00,1.513718962669372559e-01,6.264224648475646973e-01,3.860697448253631592e-01,3.728007972240447998e-01,3.622922301292419434e-02,0.000000000000000000e+00,0.000000000000000000e+00,0.000000000000000000e+00,1.924702376127243042e-01,1.373560428619384766e-01,7.424171566963195801e-01,0.000000000000000000e+00,0.000000000000000000e+00,0.000000000000000000e+00,1.295017838478088379e+00,6.072834879159927368e-02,0.000000000000000000e+00,4.490397572517395020e-01,1.515353620052337646e-01,4.527136087417602539e-01,0.000000000000000000e+00,0.000000000000000000e+00,5.456980466842651367e-01,1.174425780773162842e-01,0.000000000000000000e+00,0.000000000000000000e+00,0.000000000000000000e+00,1.170906424522399902e-02,0.000000000000000000e+00,0.000000000000000000e+00,0.000000000000000000e+00,3.415428698062896729e-01,0.000000000000000000e+00,5.505649447441101074e-01,7.449810504913330078e-01,0.000000000000000000e+00,6.933225393295288086e-01,1.701613366603851318e-01,5.747046470642089844e-01,7.322087883949279785e-01,8.838560432195663452e-02,1.100233942270278931e-01,7.691953778266906738e-01,1.707585215568542480e+00,1.486029382795095444e-02,2.546331584453582764e-01,6.564238071441650391e-01,0.000000000000000000e+00,0.000000000000000000e+00
1.358844041824340820e-01,7.305120825767517090e-01,0.000000000000000000e+00,1.356757804751396179e-02,4.421131014823913574e-01,0.000000000000000000e+00,5.053007006645202637e-01,4.590340256690979004e-01,0.000000000000000000e+00,6.871026158332824707e-01,5.373623222112655640e-02,4.813130944967269897e-02,2.083775550127029419e-01,0.000000000000000000e+00,1.755998879671096802e-01,1.501978375017642975e-02,5.427856445312500000e-01,1.148109957575798035e-01,2.752505242824554443e-01,0.000000000000000000e+00,2.873409092426300049e-01,3.109361827373504639e-01,0.000000000000000000e+00,4.090033471584320068e-01,5.556991100311279297e-01,2.757939577102661133e+00,0.000000000000000000e+00,0.000000000000000000e+00,1.279333233833312988e-01,6.606605648994445801e-02,5.128975212574005127e-02,0.000000000000000000e+00,0.000000000000000000e+00,8.407374620437622070e-01,0.000000000000000000e+00,2.318818569183349609e-01,2.211567610502243042e-01,1.433083228766918182e-02,1.994552463293075562e-01,6.457829475402832031e-01,0.000000000000000000e+00,1.141871735453605652e-01,0.000000000000000000e+00,0.000000000000000000e+00,0.000000000000000000e+00,2.513151057064533234e-02,0.000000000000000000e+00,5.806114673614501953e-01,0.000000000000000000e+00,2.440738976001739502e-01,1.442213654518127441e-01,5.130919814109802246e-01,4.496828317642211914e-01,0.000000000000000000e+00,0.000000000000000000e+00,0.000000000000000000e+00,0.000000000000000000e+00,1.057491898536682129e+00,6.647172570228576660e-01,7.045828104019165039e-01,0.000000000000000000e+00,2.017391100525856018e-02,5.356077477335929871e-02,1.626169681549072266e-01,0.000000000000000000e+00,6.851605772972106934e-01,8.057598024606704712e-03,3.720159828662872314e-02,0.000000000000000000e+00,6.913647055625915527e-02,6.514872610569000244e-02,6.674319505691528320e-01,0.000000000000000000e+00,0.000000000000000000e+00,0.000000000000000000e+00,3.874567896127700806e-02,0.000000000000000000e+00,2.322082817554473877e-01,0.000000000000000000e+00,3.529734909534454346e-01,2.318282425403594971e-02,4.520786553621292114e-02,3.644469976425170898e-01,0.000000000000000000e+00,0.000000000000000000e+00,0.000000000000000000e+00,0.000000000000000000e+00,7.926801219582557678e-03,2.408578991889953613e-01,1.002927660942077637e+00,5.542501807212829590e-03,0.000000000000000000e+00,0.000000000000000000e+00,3.352655470371246338e-01,0.000000000000000000e+00,0.000000000000000000e+00,0.000000000000000000e+00,1.568360030651092529e-01,5.687445402145385742e-01,2.121483441442251205e-03,0.000000000000000000e+00,7.180584669113159180e-01,3.683362007141113281e-01,0.000000000000000000e+00,0.000000000000000000e+00,0.000000000000000000e+00,2.061940729618072510e-01,0.000000000000000000e+00,0.000000000000000000e+00,0.000000000000000000e+00,1.714863181114196777e-01,0.000000000000000000e+00,8.575524389743804932e-02,4.315634369850158691e-01,0.000000000000000000e+00,1.020868182182312012e+00,3.883644938468933105e-01,3.630121946334838867e-01,4.287559986114501953e-01,0.000000000000000000e+00,0.000000000000000000e+00,5.414778590202331543e-01,1.515512347221374512e+00,2.390569299459457397e-01,8.564863204956054688e-01,1.976598054170608521e-02,0.000000000000000000e+00,0.000000000000000000e+00
2.090646885335445404e-02,9.381210207939147949e-01,0.000000000000000000e+00,0.000000000000000000e+00,5.815435647964477539e-01,0.000000000000000000e+00,3.270029425621032715e-01,1.605359464883804321e-01,0.000000000000000000e+00,3.464946448802947998e-01,0.000000000000000000e+00,0.000000000000000000e+00,1.050819233059883118e-01,0.000000000000000000e+00,0.000000000000000000e+00,0.000000000000000000e+00,9.622963666915893555e-01,8.658429235219955444e-02,5.002517700195312500e-01,0.000000000000000000e+00,3.903979659080505371e-01,6.831506639719009399e-02,0.000000000000000000e+00,2.573775649070739746e-01,2.902338504791259766e-01,3.345119714736938477e+00,0.000000000000000000e+00,0.000000000000000000e+00,0.000000000000000000e+00,0.000000000000000000e+00,9.916226565837860107e-02,1.275770962238311768e-01,0.000000000000000000e+00,0.000000000000000000e+00,0.000000000000000000e+00,0.000000000000000000e+00,2.180130928754806519e-01,9.090474247932434082e-02,0.000000000000000000e+00,0.000000000000000000e+00,0.000000000000000000e+00,3.919769078493118286e-02,0.000000000000000000e+00,4.085043072700500488e-01,0.000000000000000000e+00,5.639770533889532089e-03,2.713846042752265930e-03,9.647615253925323486e-03,0.000000000000000000e+00,3.030912578105926514e-01,2.337817475199699402e-02,0.000000000000000000e+00,1.441484689712524414e+00,0.000000000000000000e+00,0.000000000000000000e+00,0.000000000000000000e+00,0.000000000000000000e+00,5.113081336021423340e-01,9.455122947692871094e-01,5.972443222999572754e-01,4.349090158939361572e-01,6.534712761640548706e-02,4.449645876884460449e-01,7.773099094629287720e-02,0.000000000000000000e+00,5.071691870689392090e-01,0.000000000000000000e+00,3.150108456611633301e-01,0.000000000000000000e+00,3.441765904426574707e-01,2.064681611955165863e-03,0.000000000000000000e+00,0.000000000000000000e+00,0.000000000000000000e+00,0.000000000000000000e+00,1.459719799458980560e-02,4.423179663717746735e-03,3.762258887290954590e-01,0.000000000000000000e+00,1.959405988454818726e-01,0.000000000000000000e+00,0.000000000000000000e+00,4.381943941116333008e-01,0.000000000000000000e+00,0.000000000000000000e+00,0.000000000000000000e+00,0.000000000000000000e+00,5.208480358123779297e-02,0.000000000000000000e+00,4.059577882289886475e-01,3.090483136475086212e-02,0.000000000000000000e+00,0.000000000000000000e+00,8.379911184310913086e-01,4.884146451950073242e-01,0.000000000000000000e+00,0.000000000000000000e+00,2.022793889045715332e-02,4.325288534164428711e-01,1.091745197772979736e-01,1.195674836635589600e-01,0.000000000000000000e+00,1.521379947662353516e+00,0.000000000000000000e+00,0.000000000000000000e+00,0.000000000000000000e+00,0.000000000000000000e+00,0.000000000000000000e+00,0.000000000000000000e+00,0.000000000000000000e+00,8.930076360702514648e-01,0.000000000000000000e+00,0.000000000000000000e+00,1.187956407666206360e-01,0.000000000000000000e+00,3.041253089904785156e-01,9.919757023453712463e-03,6.899936199188232422e-01,2.544716298580169678e-01,0.000000000000000000e+00,1.385846138000488281e-01,4.524876177310943604e-01,2.303116321563720703e+00,8.104663491249084473e-01,0.000000000000000000e+00,1.024084910750389099e-02,0.000000000000000000e+00,0.000000000000000000e+00
4.279783070087432861e-01,3.778701424598693848e-01,0.000000000000000000e+00,1.608697474002838135e-01,9.787660837173461914e-02,0.000000000000000000e+00,1.231813579797744751e-01,1.376768797636032104e-01,0.000000000000000000e+00,5.799050331115722656e-01,5.460657179355621338e-02,0.000000000000000000e+00,1.796279549598693848e-01,0.000000000000000000e+00,5.555998086929321289e-01,1.045135781168937683e-01,9.162104725837707520e-01,5.847475491464138031e-03,8.073571324348449707e-02,0.000000000000000000e+00,4.571102932095527649e-02,0.000000000000000000e+00,0.000000000000000000e+00,3.758239746093750000e-01,2.308782637119293213e-01,2.572954177856445312e+00,0.000000000000000000e+00,0.000000000000000000e+00,0.000000000000000000e+00,0.000000000000000000e+00,4.116739705204963684e-02,0.000000000000000000e+00,0.000000000000000000e+00,2.528391480445861816e-01,0.000000000000000000e+00,5.097160935401916504e-01,2.170988358557224274e-03,0.000000000000000000e+00,8.952745795249938965e-02,6.470212340354919434e-02,0.000000000000000000e+00,5.468065142631530762e-01,0.000000000000000000e+00,5.539390072226524353e-02,0.000000000000000000e+00,0.000000000000000000e+00,3.514851033687591553e-01,7.154771089553833008e-01,0.000000000000000000e+00,8.750055432319641113e-01,7.458178699016571045e-02,9.338405728340148926e-02,1.635163426399230957e+00,0.000000000000000000e+00,0.000000000000000000e+00,5.536456108093261719e-01,0.000000000000000000e+00,5.586841702461242676e-02,7.237068414688110352e-01,9.599068164825439453e-01,2.662375196814537048e-02,8.989574387669563293e-03,2.746889293193817139e-01,8.415223658084869385e-02,0.000000000000000000e+00,9.488139152526855469e-01,0.000000000000000000e+00,5.451099276542663574e-01,0.000000000000000000e+00,2.447589635848999023e-01,2.122562825679779053e-01,2.315195500850677490e-01,1.029926463961601257e-01,0.000000000000000000e+00,0.000000000000000000e+00,0.000000000000000000e+00,0.000000000000000000e+00,9.084591269493103027e-01,0.000000000000000000e+00,3.787308931350708008e-01,3.511349260807037354e-01,2.189973741769790649e-02,1.563336700201034546e-02,0.000000000000000000e+00,0.000000000000000000e+00,0.000000000000000000e+00,0.000000000000000000e+00,0.000000000000000000e+00,1.111901849508285522e-01,1.118105411529541016e+00,0.000000000000000000e+00,0.000000000000000000e+00,0.000000000000000000e+00,8.512013554573059082e-01,1.305807679891586304e-01,0.000000000000000000e+00,0.000000000000000000e+00,0.000000000000000000e+00,5.283249616622924805e-01,9.925723820924758911e-02,0.000000000000000000e+00,4.651815295219421387e-01,3.877600431442260742e-01,0.000000000000000000e+00,0.000000000000000000e+00,0.000000000000000000e+00,6.422431766986846924e-02,0.000000000000000000e+00,0.000000000000000000e+00,9.719940833747386932e-03,5.076397210359573364e-04,0.000000000000000000e+00,3.285318613052368164e-01,4.624956548213958740e-01,0.000000000000000000e+00,1.015855789184570312e+00,1.331419646739959717e-01,4.787923395633697510e-02,2.284512221813201904e-01,0.000000000000000000e+00,0.000000000000000000e+00,4.101240634918212891e-01,1.541520595550537109e+00,6.848844289779663086e-01,3.077651932835578918e-02,1.147661879658699036e-01,0.000000000000000000e+00,0.000000000000000000e+00
1.126132011413574219e+00,7.500279545783996582e-01,0.000000000000000000e+00,2.130769044160842896e-01,2.903442084789276123e-01,0.000000000000000000e+00,1.521558314561843872e-01,3.918255120515823364e-02,0.000000000000000000e+00,2.447104454040527344e-01,6.173924803733825684e-01,7.447250485420227051e-01,0.000000000000000000e+00,0.000000000000000000e+00,0.000000000000000000e+00,0.000000000000000000e+00,5.716350674629211426e-01,4.876039624214172363e-01,1.495732218027114868e-01,0.000000000000000000e+00,1.726948171854019165e-01,5.004965513944625854e-02,0.000000000000000000e+00,0.000000000000000000e+00,5.528132617473602295e-02,2.451376199722290039e+00,0.000000000000000000e+00,0.000000000000000000e+00,1.581739187240600586e-01,0.000000000000000000e+00,1.618338227272033691e-01,2.958459556102752686e-01,0.000000000000000000e+00,3.051420450210571289e-01,1.312888693064451218e-03,0.000000000000000000e+00,3.068983554840087891e-01,0.000000000000000000e+00,2.018764764070510864e-01,9.263833053410053253e-04,0.000000000000000000e+00,9.021249413490295410e-02,0.000000000000000000e+00,0.000000000000000000e+00,0.000000000000000000e+00,0.000000000000000000e+00,3.003186583518981934e-01,4.940920174121856689e-01,0.000000000000000000e+00,6.389492154121398926e-01,4.639918506145477295e-01,2.359889745712280273e-01,7.887877523899078369e-02,0.000000000000000000e+00,0.000000000000000000e+00,0.000000000000000000e+00,0.000000000000000000e+00,2.782003283500671387e-01,2.782600522041320801e-01,1.061849594116210938e+00,2.019660919904708862e-02,4.184285551309585571e-02,3.011423051357269287e-01,2.092295885086059570e-01,0.000000000000000000e+00,9.442265033721923828e-01,1.213194802403450012e-03,9.306545257568359375e-01,0.000000000000000000e+00,4.383421689271926880e-02,0.000000000000000000e+00,3.579774796962738037e-01,1.389345526695251465e-01,0.000000000000000000e+00,0.000000000000000000e+00,0.000000000000000000e+00,5.908117629587650299e-03,7.917175292968750000e-01,0.000000000000000000e+00,7.517638802528381348e-02,0.000000000000000000e+00,0.000000000000000000e+00,7.185123860836029053e-02,4.674045741558074951e-02,0.000000000000000000e+00,0.000000000000000000e+00,0.000000000000000000e+00,0.000000000000000000e+00,0.000000000000000000e+00,6.286033391952514648e-01,0.000000000000000000e+00,0.000000000000000000e+00,0.000000000000000000e+00,7.208749651908874512e-01,3.516936302185058594e-01,0.000000000000000000e+00,8.353856950998306274e-02,7.155393064022064209e-02,0.000000000000000000e+00,1.674768328666687012e-01,3.044564723968505859e-01,2.645910680294036865e-01,7.924382090568542480e-01,0.000000000000000000e+00,0.000000000000000000e+00,0.000000000000000000e+00,0.000000000000000000e+00,0.000000000000000000e+00,0.000000000000000000e+00,3.890587016940116882e-02,5.231337547302246094e-01,0.000000000000000000e+00,0.000000000000000000e+00,0.000000000000000000e+00,0.000000000000000000e+00,5.441571474075317383e-01,0.000000000000000000e+00,2.358338832855224609e-01,2.483395338058471680e-01,0.000000000000000000e+00,1.262689828872680664e-01,8.886398077011108398e-01,1.175248742103576660e+00,1.125481631606817245e-02,1.151867061853408813e-01,1.720023900270462036e-02,6.878025829792022705e-03,0.000000000000000000e+00
0.000000000000000000e+00,3.220548331737518311e-01,0.000000000000000000e+00,1.746383681893348694e-02,3.910591006278991699e-01,0.000000000000000000e+00,2.687525153160095215e-01,0.000000000000000000e+00,0.000000000000000000e+00,3.179494142532348633e-01,0.000000000000000000e+00,0.000000000000000000e+00,1.816097199916839600e-01,0.000000000000000000e+00,1.748966798186302185e-02,4.247365519404411316e-03,1.646735906600952148e+00,0.000000000000000000e+00,7.839409261941909790e-02,0.000000000000000000e+00,1.317901313304901123e-01,0.000000000000000000e+00,0.000000000000000000e+00,2.357026636600494385e-01,3.319575786590576172e-01,2.216812610626220703e+00,0.000000000000000000e+00,0.000000000000000000e+00,0.000000000000000000e+00,1.969236321747303009e-02,1.567223295569419861e-02,4.117200523614883423e-02,0.000000000000000000e+00,0.000000000000000000e+00,4.348143935203552246e-02,3.079565763473510742e-01,5.867277085781097412e-02,0.000000000000000000e+00,6.078241020441055298e-02,5.204311013221740723e-02,0.000000000000000000e+00,0.000000000000000000e+00,0.000000000000000000e+00,8.007647842168807983e-02,0.000000000000000000e+00,0.000000000000000000e+00,0.000000000000000000e+00,1.860623508691787720e-01,0.000000000000000000e+00,3.950423300266265869e-01,0.000000000000000000e+00,0.000000000000000000e+00,2.336227655410766602e+00,9.017926454544067383e-02,0.000000000000000000e+00,1.710789799690246582e-01,0.000000000000000000e+00,6.747499108314514160e-01,2.885908484458923340e-01,9.163062572479248047e-01,0.000000000000000000e+00,0.000000000000000000e+00,4.430760443210601807e-01,0.000000000000000000e+00,0.000000000000000000e+00,4.067844748497009277e-01,0.000000000000000000e+00,2.333652600646018982e-02,0.000000000000000000e+00,4.536961019039154053e-01,2.050171196460723877e-01,0.000000000000000000e+00,0.000000000000000000e+00,0.000000000000000000e+00,0.000000000000000000e+00,0.000000000000000000e+00,0.000000000000000000e+00,4.701577126979827881e-01,0.000000000000000000e+00,1.477693915367126465e-01,0.000000000000000000e+00,0.000000000000000000e+00,4.029837623238563538e-02,0.000000000000000000e+00,0.000000000000000000e+00,0.000000000000000000e+00,0.000000000000000000e+00,0.000000000000000000e+00,0.000000000000000000e+00,4.831632971763610840e-01,1.787846721708774567e-02,0.000000000000000000e+00,0.000000000000000000e+00,7.384572029113769531e-01,2.451915293931961060e-02,0.000000000000000000e+00,0.000000000000000000e+00,4.335951805114746094e-02,1.727047860622406006e-01,0.000000000000000000e+00,0.000000000000000000e+00,1.048475205898284912e-01,1.121671438217163086e+00,0.000000000000000000e+00,0.000000000000000000e+00,0.000000000000000000e+00,0.000000000000000000e+00,0.000000000000000000e+00,0.000000000000000000e+00,0.000000000000000000e+00,4.390567541122436523e-01,0.000000000000000000e+00,1.474170573055744171e-02,2.173743769526481628e-02,0.000000000000000000e+00,4.452501237392425537e-01,1.446119546890258789e-01,1.252637654542922974e-01,3.006272017955780029e-01,0.000000000000000000e+00,0.000000000000000000e+00,6.485505402088165283e-02,1.336883544921875000e+00,1.564379811286926270e+00,0.000000000000000000e+00,6.416805554181337357e-03,5.101432278752326965e-02,0.000000000000000000e+00
0.000000000000000000e+00,3.220548331737518311e-01,0.000000000000000000e+00,1.746383681893348694e-02,3.910591006278991699e-01,0.000000000000000000e+00,2.687525153160095215e-01,0.000000000000000000e+00,0.000000000000000000e+00,3.179494142532348633e-01,0.000000000000000000e+00,0.000000000000000000e+00,1.816097199916839600e-01,0.000000000000000000e+00,1.748966798186302185e-02,4.247365519404411316e-03,1.646735906600952148e+00,0.000000000000000000e+00,7.839409261941909790e-02,0.000000000000000000e+00,1.317901313304901123e-01,0.000000000000000000e+00,0.000000000000000000e+00,2.357026636600494385e-01,3.319575786590576172e-01,2.216812610626220703e+00,0.000000000000000000e+00,0.000000000000000000e+00,0.000000000000000000e+00,1.969236321747303009e-02,1.567223295569419861e-02,4.117200523614883423e-02,0.000000000000000000e+00,0.000000000000000000e+00,4.348143935203552246e-02,3.079565763473510742e-01,5.867277085781097412e-02,0.000000000000000000e+00,6.078241020441055298e-02,5.204311013221740723e-02,0.000000000000000000e+00,0.000000000000000000e+00,0.000000000000000000e+00,8.007647842168807983e-02,0.000000000000000000e+00,0.000000000000000000e+00,0.000000000000000000e+00,1.860623508691787720e-01,0.000000000000000000e+00,3.950423300266265869e-01,0.000000000000000000e+00,0.000000000000000000e+00,2.336227655410766602e+00,9.017926454544067383e-02,0.000000000000000000e+00,1.710789799690246582e-01,0.000000000000000000e+00,6.747499108314514160e-01,2.885908484458923340e-01,9.163062572479248047e-01,0.000000000000000000e+00,0.000000000000000000e+00,4.430760443210601807e-01,0.000000000000000000e+00,0.000000000000000000e+00,4.067844748497009277e-01,0.000000000000000000e+00,2.333652600646018982e-02,0.000000000000000000e+00,4.536961019039154053e-01,2.050171196460723877e-01,0.000000000000000000e+00,0.000000000000000000e+00,0.000000000000000000e+00,0.000000000000000000e+00,0.000000000000000000e+00,0.000000000000000000e+00,4.701577126979827881e-01,0.000000000000000000e+00,1.477693915367126465e-01,0.000000000000000000e+00,0.000000000000000000e+00,4.029837623238563538e-02,0.000000000000000000e+00,0.000000000000000000e+00,0.000000000000000000e+00,0.000000000000000000e+00,0.000000000000000000e+00,0.000000000000000000e+00,4.831632971763610840e-01,1.787846721708774567e-02,0.000000000000000000e+00,0.000000000000000000e+00,7.384572029113769531e-01,2.451915293931961060e-02,0.000000000000000000e+00,0.000000000000000000e+00,4.335951805114746094e-02,1.727047860622406006e-01,0.000000000000000000e+00,0.000000000000000000e+00,1.048475205898284912e-01,1.121671438217163086e+00,0.000000000000000000e+00,0.000000000000000000e+00,0.000000000000000000e+00,0.000000000000000000e+00,0.000000000000000000e+00,0.000000000000000000e+00,0.000000000000000000e+00,4.390567541122436523e-01,0.000000000000000000e+00,1.474170573055744171e-02,2.173743769526481628e-02,0.000000000000000000e+00,4.452501237392425537e-01,1.446119546890258789e-01,1.252637654542922974e-01,3.006272017955780029e-01,0.000000000000000000e+00,0.000000000000000000e+00,6.485505402088165283e-02,1.336883544921875000e+00,1.564379811286926270e+00,0.000000000000000000e+00,6.416805554181337357e-03,5.101432278752326965e-02,0.000000000000000000e+00
0.000000000000000000e+00,4.332108795642852783e-01,0.000000000000000000e+00,1.409107446670532227e-01,7.746436595916748047e-01,0.000000000000000000e+00,9.324444830417633057e-02,7.536118850111961365e-03,0.000000000000000000e+00,7.330492883920669556e-02,0.000000000000000000e+00,0.000000000000000000e+00,4.157629609107971191e-02,0.000000000000000000e+00,0.000000000000000000e+00,0.000000000000000000e+00,1.060264185070991516e-01,0.000000000000000000e+00,3.665375411510467529e-01,0.000000000000000000e+00,3.404269516468048096e-01,1.918868348002433777e-02,0.000000000000000000e+00,5.524384975433349609e-01,4.938839673995971680e-01,3.094523906707763672e+00,0.000000000000000000e+00,0.000000000000000000e+00,2.305103242397308350e-01,0.000000000000000000e+00,5.759784951806068420e-02,2.738531827926635742e-01,0.000000000000000000e+00,0.000000000000000000e+00,0.000000000000000000e+00,2.587034106254577637e-01,6.578749418258666992e-02,1.170698404312133789e-01,0.000000000000000000e+00,0.000000000000000000e+00,0.000000000000000000e+00,0.000000000000000000e+00,0.000000000000000000e+00,0.000000000000000000e+00,0.000000000000000000e+00,5.571175832301378250e-03,0.000000000000000000e+00,2.181985601782798767e-02,0.000000000000000000e+00,8.726104497909545898e-01,6.307262182235717773e-02,0.000000000000000000e+00,7.253590822219848633e-01,1.934086903929710388e-02,0.000000000000000000e+00,1.224727742373943329e-02,0.000000000000000000e+00,5.200225114822387695e-01,4.742456674575805664e-01,6.777210235595703125e-01,0.000000000000000000e+00,0.000000000000000000e+00,3.727343976497650146e-01,1.664107739925384521e-01,0.000000000000000000e+00,9.795679450035095215e-01,0.000000000000000000e+00,7.209087014198303223e-01,0.000000000000000000e+00,6.239260435104370117e-01,1.862569600343704224e-01,0.000000000000000000e+00,4.927123337984085083e-02,0.000000000000000000e+00,0.000000000000000000e+00,5.580040439963340759e-02,8.875134587287902832e-02,6.821684837341308594e-01,0.000000000000000000e+00,1.127327326685190201e-02,3.577161580324172974e-03,0.000000000000000000e+00,1.929281800985336304e-01,0.000000000000000000e+00,0.000000000000000000e+00,0.000000000000000000e+00,0.000000000000000000e+00,1.199416369199752808e-01,2.185655757784843445e-02,4.786805436015129089e-02,0.000000000000000000e+00,0.000000000000000000e+00,0.000000000000000000e+00,1.378200173377990723e+00,1.345078468322753906e+00,0.000000000000000000e+00,0.000000000000000000e+00,0.000000000000000000e+00,6.433381438255310059e-01,6.818121299147605896e-03,2.257024645805358887e-01,0.000000000000000000e+00,3.034626543521881104e-01,0.000000000000000000e+00,0.000000000000000000e+00,0.000000000000000000e+00,1.616828143596649170e-02,0.000000000000000000e+00,0.000000000000000000e+00,0.000000000000000000e+00,1.306113600730895996e+00,0.000000000000000000e+00,2.851344347000122070e-01,1.372005417943000793e-02,0.000000000000000000e+00,4.139540717005729675e-03,7.985391467809677124e-02,6.362860649824142456e-02,1.540856957435607910e-01,4.098005592823028564e-04,7.825698256492614746e-01,1.928541809320449829e-01,1.949285149574279785e+00,5.714104175567626953e-01,2.773020416498184204e-03,1.085794419050216675e-01,0.000000000000000000e+00,0.000000000000000000e+00
0.000000000000000000e+00,1.309806823730468750e+00,0.000000000000000000e+00,4.735296964645385742e-02,6.428471207618713379e-01,0.000000000000000000e+00,5.432265996932983398e-01,7.221003994345664978e-03,0.000000000000000000e+00,1.907901167869567871e-01,0.000000000000000000e+00,0.000000000000000000e+00,5.028788372874259949e-02,0.000000000000000000e+00,1.230502873659133911e-02,6.002734601497650146e-02,1.471424937248229980e+00,2.183014452457427979e-01,6.630322337150573730e-01,0.000000000000000000e+00,7.339598536491394043e-01,3.615669906139373779e-02,0.000000000000000000e+00,6.091428399085998535e-01,6.712737083435058594e-01,2.716142177581787109e+00,0.000000000000000000e+00,0.000000000000000000e+00,0.000000000000000000e+00,0.000000000000000000e+00,0.000000000000000000e+00,5.438646674156188965e-02,0.000000000000000000e+00,2.620385214686393738e-02,0.000000000000000000e+00,5.395251885056495667e-02,3.216931819915771484e-01,2.472774982452392578e-01,4.898818582296371460e-02,1.370086893439292908e-02,0.000000000000000000e+00,0.000000000000000000e+00,0.000000000000000000e+00,0.000000000000000000e+00,0.000000000000000000e+00,0.000000000000000000e+00,0.000000000000000000e+00,1.120573878288269043e-01,0.000000000000000000e+00,2.359471842646598816e-02,0.000000000000000000e+00,1.627132482826709747e-02,2.030461072921752930e+00,1.205564513802528381e-01,0.000000000000000000e+00,6.161825358867645264e-02,0.000000000000000000e+00,3.532008230686187744e-01,1.274655103683471680e+00,3.358505070209503174e-01,4.482998847961425781e-01,0.000000000000000000e+00,3.096347153186798096e-01,9.617667645215988159e-02,0.000000000000000000e+00,4.091223478317260742e-01,9.357689879834651947e-03,1.315291523933410645e-01,0.000000000000000000e+00,8.047159314155578613e-01,2.313570678234100342e-02,1.152223348617553711e-02,0.000000000000000000e+00,0.000000000000000000e+00,0.000000000000000000e+00,1.093245521187782288e-01,0.000000000000000000e+00,7.241088747978210449e-01,0.000000000000000000e+00,4.300097003579139709e-02,0.000000000000000000e+00,0.000000000000000000e+00,7.984728813171386719e-01,0.000000000000000000e+00,0.000000000000000000e+00,0.000000000000000000e+00,0.000000000000000000e+00,1.740243472158908844e-02,0.000000000000000000e+00,4.638165831565856934e-01,6.833078712224960327e-02,0.000000000000000000e+00,0.000000000000000000e+00,8.619261384010314941e-01,7.122359871864318848e-01,0.000000000000000000e+00,0.000000000000000000e+00,4.123924672603607178e-02,3.348275125026702881e-01,0.000000000000000000e+00,7.475453019142150879e-01,2.024313062429428101e-02,7.553353309631347656e-01,0.000000000000000000e+00,0.000000000000000000e+00,0.000000000000000000e+00,0.000000000000000000e+00,0.000000000000000000e+00,0.000000000000000000e+00,0.000000000000000000e+00,3.697083294391632080e-01,0.000000000000000000e+00,1.380708664655685425e-01,3.605199456214904785e-01,0.000000000000000000e+00,4.634611606597900391e-01,1.080162525177001953e-01,3.659653663635253906e-01,5.031087994575500488e-01,5.100484937429428101e-02,2.705265283584594727e-01,1.978930830955505371e-01,1.386161327362060547e+00,2.036682128906250000e+00,2.117209732532501221e-01,6.271323561668395996e-02,0.000000000000000000e+00,0.000000000000000000e+00
2.925969064235687256e-01,3.203392028808593750e-03,0.000000000000000000e+00,7.165402919054031372e-02,7.406578212976455688e-02,0.000000000000000000e+00,3.982465565204620361e-01,7.308563590049743652e-02,0.000000000000000000e+00,1.103118181228637695e+00,0.000000000000000000e+00,0.000000000000000000e+00,5.986144542694091797e-01,0.000000000000000000e+00,0.000000000000000000e+00,9.385189414024353027e-02,7.300325632095336914e-01,5.412846058607101440e-02,2.022466361522674561e-01,0.000000000000000000e+00,3.022513687610626221e-01,2.579240873456001282e-02,0.000000000000000000e+00,3.288095816969871521e-02,6.170848011970520020e-02,2.446318864822387695e+00,0.000000000000000000e+00,0.000000000000000000e+00,1.177243515849113464e-02,0.000000000000000000e+00,1.192016229033470154e-01,3.975649476051330566e-01,0.000000000000000000e+00,0.000000000000000000e+00,0.000000000000000000e+00,1.147046238183975220e-01,1.760540753602981567e-01,2.779963314533233643e-01,0.000000000000000000e+00,6.298678368330001831e-02,0.000000000000000000e+00,0.000000000000000000e+00,0.000000000000000000e+00,1.097878456115722656e+00,0.000000000000000000e+00,4.054353237152099609e-01,7.978031039237976074e-02,2.125235646963119507e-02,0.000000000000000000e+00,2.268528640270233154e-01,1.323051005601882935e-01,3.739230707287788391e-02,4.612918496131896973e-01,1.769649982452392578e-01,0.000000000000000000e+00,0.000000000000000000e+00,1.110601983964443207e-02,9.349377155303955078e-01,2.429307401180267334e-01,1.450087904930114746e+00,1.719278283417224884e-03,0.000000000000000000e+00,2.305888235569000244e-01,5.619682371616363525e-02,0.000000000000000000e+00,6.999544501304626465e-01,0.000000000000000000e+00,1.931395977735519409e-01,0.000000000000000000e+00,6.873117685317993164e-01,3.360499441623687744e-01,4.822337254881858826e-02,0.000000000000000000e+00,0.000000000000000000e+00,0.000000000000000000e+00,0.000000000000000000e+00,2.045100629329681396e-01,6.397668123245239258e-01,0.000000000000000000e+00,1.167529374361038208e-01,0.000000000000000000e+00,2.329518944025039673e-01,2.005051970481872559e-01,0.000000000000000000e+00,0.000000000000000000e+00,0.000000000000000000e+00,0.000000000000000000e+00,4.429731369018554688e-01,0.000000000000000000e+00,3.461298346519470215e-01,1.361511349678039551e-01,0.000000000000000000e+00,0.000000000000000000e+00,1.208707571029663086e+00,7.475093752145767212e-02,0.000000000000000000e+00,0.000000000000000000e+00,1.004426479339599609e-01,2.476155385375022888e-02,7.475758790969848633e-01,0.000000000000000000e+00,1.385405659675598145e-01,9.379170536994934082e-01,0.000000000000000000e+00,0.000000000000000000e+00,0.000000000000000000e+00,3.182626366615295410e-01,0.000000000000000000e+00,0.000000000000000000e+00,0.000000000000000000e+00,9.218664169311523438e-01,0.000000000000000000e+00,0.000000000000000000e+00,0.000000000000000000e+00,0.000000000000000000e+00,2.879163324832916260e-01,1.072175875306129456e-01,2.152166068553924561e-01,2.620626091957092285e-01,9.415986388921737671e-02,3.957406878471374512e-01,3.892854228615760803e-02,1.504929304122924805e+00,3.474005460739135742e-01,6.223586946725845337e-02,3.979311883449554443e-02,7.102465629577636719e-01,0.000000000000000000e+00
9.010680951178073883e-04,2.612509727478027344e-01,0.000000000000000000e+00,2.042835578322410583e-02,7.235805988311767578e-01,0.000000000000000000e+00,4.176994040608406067e-02,0.000000000000000000e+00,0.000000000000000000e+00,4.466130733489990234e-01,0.000000000000000000e+00,0.000000000000000000e+00,5.821584463119506836e-01,0.000000000000000000e+00,0.000000000000000000e+00,0.000000000000000000e+00,7.313037514686584473e-01,1.285304501652717590e-02,1.747416257858276367e-01,0.000000000000000000e+00,3.115602731704711914e-01,0.000000000000000000e+00,0.000000000000000000e+00,8.474557846784591675e-02,2.600739002227783203e-01,2.753631830215454102e+00,0.000000000000000000e+00,0.000000000000000000e+00,0.000000000000000000e+00,0.000000000000000000e+00,0.000000000000000000e+00,2.790971398353576660e-01,0.000000000000000000e+00,8.863819390535354614e-02,0.000000000000000000e+00,1.784422397613525391e-01,4.367202818393707275e-01,4.042991250753402710e-02,8.842332661151885986e-02,0.000000000000000000e+00,0.000000000000000000e+00,0.000000000000000000e+00,0.000000000000000000e+00,3.175778985023498535e-01,0.000000000000000000e+00,0.000000000000000000e+00,0.000000000000000000e+00,8.684139698743820190e-03,0.000000000000000000e+00,8.256141543388366699e-01,0.000000000000000000e+00,0.000000000000000000e+00,6.260700821876525879e-01,3.088498115539550781e-02,0.000000000000000000e+00,1.192581728100776672e-01,0.000000000000000000e+00,3.528127372264862061e-01,3.258394002914428711e-01,1.138610124588012695e+00,0.000000000000000000e+00,5.871974863111972809e-03,1.200810819864273071e-01,5.956802889704704285e-02,0.000000000000000000e+00,4.745949506759643555e-01,0.000000000000000000e+00,6.189227104187011719e-02,0.000000000000000000e+00,5.631434321403503418e-01,2.801949977874755859e-01,5.736164748668670654e-02,0.000000000000000000e+00,0.000000000000000000e+00,0.000000000000000000e+00,6.619293242692947388e-02,2.121062017977237701e-03,8.108228445053100586e-01,0.000000000000000000e+00,1.225815117359161377e-01,0.000000000000000000e+00,0.000000000000000000e+00,1.441561430692672729e-01,0.000000000000000000e+00,0.000000000000000000e+00,0.000000000000000000e+00,0.000000000000000000e+00,0.000000000000000000e+00,1.653336733579635620e-02,2.558149993419647217e-01,0.000000000000000000e+00,0.000000000000000000e+00,0.000000000000000000e+00,1.091417312622070312e+00,7.422554492950439453e-02,0.000000000000000000e+00,0.000000000000000000e+00,5.406297743320465088e-03,3.689091652631759644e-02,0.000000000000000000e+00,0.000000000000000000e+00,9.976494312286376953e-02,3.192893862724304199e-01,0.000000000000000000e+00,0.000000000000000000e+00,0.000000000000000000e+00,0.000000000000000000e+00,0.000000000000000000e+00,0.000000000000000000e+00,0.000000000000000000e+00,1.321136713027954102e+00,0.000000000000000000e+00,8.100357651710510254e-02,1.730949580669403076e-01,0.000000000000000000e+00,1.820193082094192505e-01,1.324967294931411743e-02,0.000000000000000000e+00,1.440227124840021133e-02,0.000000000000000000e+00,4.995295405387878418e-02,9.064374864101409912e-02,1.757584333419799805e+00,5.977342724800109863e-01,6.601206213235855103e-02,0.000000000000000000e+00,0.000000000000000000e+00,0.000000000000000000e+00
2.154016196727752686e-01,6.565214991569519043e-01,0.000000000000000000e+00,8.228971064090728760e-02,1.425828576087951660e+00,0.000000000000000000e+00,6.133091449737548828e-01,0.000000000000000000e+00,0.000000000000000000e+00,1.523572653532028198e-01,2.379702404141426086e-02,0.000000000000000000e+00,8.510959148406982422e-01,0.000000000000000000e+00,6.406552344560623169e-02,0.000000000000000000e+00,2.272663712501525879e-01,4.251374006271362305e-01,8.736062049865722656e-01,0.000000000000000000e+00,6.468070745468139648e-01,5.747104436159133911e-02,0.000000000000000000e+00,3.652122020721435547e-01,4.692772328853607178e-01,3.051991224288940430e+00,0.000000000000000000e+00,0.000000000000000000e+00,3.181293606758117676e-02,1.195823103189468384e-01,4.121229052543640137e-01,2.252281159162521362e-01,0.000000000000000000e+00,0.000000000000000000e+00,4.248017370700836182e-01,1.309938579797744751e-01,5.210171341896057129e-01,5.134698152542114258e-01,2.262647077441215515e-02,7.155451923608779907e-02,0.000000000000000000e+00,2.097997441887855530e-02,0.000000000000000000e+00,2.271006107330322266e-01,0.000000000000000000e+00,2.509768120944499969e-02,2.410006970167160034e-01,3.748491778969764709e-02,0.000000000000000000e+00,6.025232672691345215e-01,0.000000000000000000e+00,7.617186754941940308e-03,4.612899124622344971e-01,1.046810671687126160e-01,0.000000000000000000e+00,1.049444377422332764e-01,1.726209186017513275e-02,1.981322318315505981e-01,3.529596924781799316e-01,4.971594512462615967e-01,5.086281299591064453e-01,7.862161099910736084e-02,7.079855799674987793e-01,3.527231514453887939e-02,0.000000000000000000e+00,7.269055247306823730e-01,0.000000000000000000e+00,6.392113566398620605e-01,0.000000000000000000e+00,3.743781447410583496e-01,1.290104910731315613e-02,0.000000000000000000e+00,6.355974823236465454e-02,0.000000000000000000e+00,0.000000000000000000e+00,9.685792028903961182e-02,2.994244694709777832e-01,6.038463115692138672e-01,0.000000000000000000e+00,4.113147780299186707e-02,1.542488932609558105e-01,6.798510253429412842e-02,6.337589025497436523e-01,0.000000000000000000e+00,0.000000000000000000e+00,0.000000000000000000e+00,0.000000000000000000e+00,1.433282792568206787e-01,0.000000000000000000e+00,6.839571595191955566e-01,2.969331108033657074e-02,0.000000000000000000e+00,0.000000000000000000e+00,6.216347813606262207e-01,5.318471789360046387e-01,0.000000000000000000e+00,5.007434636354446411e-02,0.000000000000000000e+00,4.187330305576324463e-01,5.409704148769378662e-02,3.751670122146606445e-01,3.520849347114562988e-02,4.915677607059478760e-01,0.000000000000000000e+00,0.000000000000000000e+00,0.000000000000000000e+00,1.703678071498870850e-01,0.000000000000000000e+00,0.000000000000000000e+00,8.411359786987304688e-02,4.284458756446838379e-01,0.000000000000000000e+00,1.210395693778991699e-01,1.534018218517303467e-01,0.000000000000000000e+00,5.880591273307800293e-01,1.135423220694065094e-02,2.393323928117752075e-01,0.000000000000000000e+00,0.000000000000000000e+00,1.467203348875045776e-01,6.902996897697448730e-01,1.722202420234680176e+00,5.783063173294067383e-01,2.342177927494049072e-02,1.762455701828002930e-01,1.580674052238464355e-01,0.000000000000000000e+00
2.154016196727752686e-01,6.565214991569519043e-01,0.000000000000000000e+00,8.228971064090728760e-02,1.425828576087951660e+00,0.000000000000000000e+00,6.133091449737548828e-01,0.000000000000000000e+00,0.000000000000000000e+00,1.523572653532028198e-01,2.379702404141426086e-02,0.000000000000000000e+00,8.510959148406982422e-01,0.000000000000000000e+00,6.406552344560623169e-02,0.000000000000000000e+00,2.272663712501525879e-01,4.251374006271362305e-01,8.736062049865722656e-01,0.000000000000000000e+00,6.468070745468139648e-01,5.747104436159133911e-02,0.000000000000000000e+00,3.652122020721435547e-01,4.692772328853607178e-01,3.051991224288940430e+00,0.000000000000000000e+00,0.000000000000000000e+00,3.181293606758117676e-02,1.195823103189468384e-01,4.121229052543640137e-01,2.252281159162521362e-01,0.000000000000000000e+00,0.000000000000000000e+00,4.248017370700836182e-01,1.309938579797744751e-01,5.210171341896057129e-01,5.134698152542114258e-01,2.262647077441215515e-02,7.155451923608779907e-02,0.000000000000000000e+00,2.097997441887855530e-02,0.000000000000000000e+00,2.271006107330322266e-01,0.000000000000000000e+00,2.509768120944499969e-02,2.410006970167160034e-01,3.748491778969764709e-02,0.000000000000000000e+00,6.025232672691345215e-01,0.000000000000000000e+00,7.617186754941940308e-03,4.612899124622344971e-01,1.046810671687126160e-01,0.000000000000000000e+00,1.049444377422332764e-01,1.726209186017513275e-02,1.981322318315505981e-01,3.529596924781799316e-01,4.971594512462615967e-01,5.086281299591064453e-01,7.862161099910736084e-02,7.079855799674987793e-01,3.527231514453887939e-02,0.000000000000000000e+00,7.269055247306823730e-01,0.000000000000000000e+00,6.392113566398620605e-01,0.000000000000000000e+00,3.743781447410583496e-01,1.290104910731315613e-02,0.000000000000000000e+00,6.355974823236465454e-02,0.000000000000000000e+00,0.000000000000000000e+00,9.685792028903961182e-02,2.994244694709777832e-01,6.038463115692138672e-01,0.000000000000000000e+00,4.113147780299186707e-02,1.542488932609558105e-01,6.798510253429412842e-02,6.337589025497436523e-01,0.000000000000000000e+00,0.000000000000000000e+00,0.000000000000000000e+00,0.000000000000000000e+00,1.433282792568206787e-01,0.000000000000000000e+00,6.839571595191955566e-01,2.969331108033657074e-02,0.000000000000000000e+00,0.000000000000000000e+00,6.216347813606262207e-01,5.318471789360046387e-01,0.000000000000000000e+00,5.007434636354446411e-02,0.000000000000000000e+00,4.187330305576324463e-01,5.409704148769378662e-02,3.751670122146606445e-01,3.520849347114562988e-02,4.915677607059478760e-01,0.000000000000000000e+00,0.000000000000000000e+00,0.000000000000000000e+00,1.703678071498870850e-01,0.000000000000000000e+00,0.000000000000000000e+00,8.411359786987304688e-02,4.284458756446838379e-01,0.000000000000000000e+00,1.210395693778991699e-01,1.534018218517303467e-01,0.000000000000000000e+00,5.880591273307800293e-01,1.135423220694065094e-02,2.393323928117752075e-01,0.000000000000000000e+00,0.000000000000000000e+00,1.467203348875045776e-01,6.902996897697448730e-01,1.722202420234680176e+00,5.783063173294067383e-01,2.342177927494049072e-02,1.762455701828002930e-01,1.580674052238464355e-01,0.000000000000000000e+00
4.873884469270706177e-02,1.056349754333496094e+00,0.000000000000000000e+00,1.279319450259208679e-02,3.681580722332000732e-01,0.000000000000000000e+00,1.733028888702392578e-01,3.258009552955627441e-01,0.000000000000000000e+00,9.271398931741714478e-02,1.349066197872161865e-01,0.000000000000000000e+00,1.897385269403457642e-01,0.000000000000000000e+00,4.714732170104980469e-01,0.000000000000000000e+00,5.747119188308715820e-01,4.633103907108306885e-01,3.234515190124511719e-01,0.000000000000000000e+00,1.328609883785247803e-01,1.360019743442535400e-01,0.000000000000000000e+00,1.028433918952941895e+00,8.734980225563049316e-01,3.820874214172363281e+00,0.000000000000000000e+00,0.000000000000000000e+00,4.752315580844879150e-02,0.000000000000000000e+00,3.076167106628417969e-01,1.856269687414169312e-01,0.000000000000000000e+00,9.630389511585235596e-02,0.000000000000000000e+00,2.507281675934791565e-02,4.096568748354911804e-02,1.346291303634643555e-01,4.256101697683334351e-02,1.339949816465377808e-01,0.000000000000000000e+00,2.394592761993408203e-01,0.000000000000000000e+00,4.889776185154914856e-02,0.000000000000000000e+00,3.715765476226806641e-02,1.566218882799148560e-01,1.987799555063247681e-01,0.000000000000000000e+00,1.214309573173522949e+00,1.325842142105102539e-01,0.000000000000000000e+00,1.126087665557861328e+00,9.584635496139526367e-02,0.000000000000000000e+00,4.804361611604690552e-02,0.000000000000000000e+00,4.553083181381225586e-01,7.131307721138000488e-01,2.902341187000274658e-01,1.148874461650848389e-01,8.304533362388610840e-02,4.289212822914123535e-01,1.957230269908905029e-01,0.000000000000000000e+00,9.974128007888793945e-01,2.420849204063415527e-01,2.859664559364318848e-01,0.000000000000000000e+00,0.000000000000000000e+00,2.034695446491241455e-01,1.424491107463836670e-01,0.000000000000000000e+00,0.000000000000000000e+00,0.000000000000000000e+00,5.533201992511749268e-02,0.000000000000000000e+00,3.941572308540344238e-01,0.000000000000000000e+00,4.069066345691680908e-01,2.099851891398429871e-02,0.000000000000000000e+00,2.499689161777496338e-01,0.000000000000000000e+00,0.000000000000000000e+00,0.000000000000000000e+00,0.000000000000000000e+00,1.057547628879547119e-01,1.960418373346328735e-01,3.499156534671783447e-01,2.150733470916748047e-01,0.000000000000000000e+00,0.000000000000000000e+00,7.253665924072265625e-01,6.319068074226379395e-01,0.000000000000000000e+00,7.827279716730117798e-02,3.476585745811462402e-01,1.089868903160095215e+00,0.000000000000000000e+00,0.000000000000000000e+00,1.178418099880218506e-01,8.402784466743469238e-01,0.000000000000000000e+00,0.000000000000000000e+00,0.000000000000000000e+00,3.588735125958919525e-03,0.000000000000000000e+00,0.000000000000000000e+00,1.349810659885406494e-01,3.721197247505187988e-01,0.000000000000000000e+00,2.760958671569824219e-01,4.908471703529357910e-01,0.000000000000000000e+00,3.514038026332855225e-01,3.055547177791595459e-01,1.343295574188232422e+00,5.266692638397216797e-01,5.882279202342033386e-02,2.195730954408645630e-01,1.326481223106384277e+00,2.600219726562500000e+00,5.188450813293457031e-01,0.000000000000000000e+00,2.532749623060226440e-02,0.000000000000000000e+00,0.000000000000000000e+00
0.000000000000000000e+00,7.682831287384033203e-01,0.000000000000000000e+00,8.862468600273132324e-02,2.025595754384994507e-01,0.000000000000000000e+00,3.304898738861083984e-01,2.734622061252593994e-01,0.000000000000000000e+00,4.420638084411621094e-01,3.564135432243347168e-01,0.000000000000000000e+00,9.323360919952392578e-01,0.000000000000000000e+00,2.155780941247940063e-01,1.535551249980926514e-01,5.112667679786682129e-01,1.098843365907669067e-01,3.290529549121856689e-01,0.000000000000000000e+00,4.547661542892456055e-01,4.892407059669494629e-01,0.000000000000000000e+00,3.465696275234222412e-01,5.605959296226501465e-01,3.017738342285156250e+00,0.000000000000000000e+00,0.000000000000000000e+00,3.281129896640777588e-02,0.000000000000000000e+00,3.739292174577713013e-02,2.844474911689758301e-01,0.000000000000000000e+00,1.820399612188339233e-01,0.000000000000000000e+00,1.003644689917564392e-01,4.954264760017395020e-01,1.022252142429351807e-01,3.135051578283309937e-02,1.050784438848495483e-02,0.000000000000000000e+00,0.000000000000000000e+00,0.000000000000000000e+00,4.775702208280563354e-02,0.000000000000000000e+00,7.803989946842193604e-02,0.000000000000000000e+00,2.115165591239929199e-01,0.000000000000000000e+00,2.945937514305114746e-01,5.551682412624359131e-02,2.834612131118774414e-01,6.853165626525878906e-01,2.359472960233688354e-01,0.000000000000000000e+00,0.000000000000000000e+00,0.000000000000000000e+00,1.319303750991821289e+00,9.149434566497802734e-01,8.389945030212402344e-01,0.000000000000000000e+00,2.990251779556274414e-02,3.801965713500976562e-02,5.512722730636596680e-01,0.000000000000000000e+00,6.211317181587219238e-01,2.369808852672576904e-01,2.655475437641143799e-01,0.000000000000000000e+00,2.358285337686538696e-02,8.394047617912292480e-02,2.201426476240158081e-01,1.884626746177673340e-01,0.000000000000000000e+00,0.000000000000000000e+00,1.180466264486312866e-01,0.000000000000000000e+00,1.010583996772766113e+00,0.000000000000000000e+00,6.745380908250808716e-02,1.020012497901916504e-01,1.838012039661407471e-01,3.793900907039642334e-01,0.000000000000000000e+00,0.000000000000000000e+00,0.000000000000000000e+00,0.000000000000000000e+00,1.745654083788394928e-02,1.036369502544403076e-01,5.191450119018554688e-01,1.673012524843215942e-01,0.000000000000000000e+00,0.000000000000000000e+00,1.246823430061340332e+00,3.518462777137756348e-01,0.000000000000000000e+00,0.000000000000000000e+00,4.820349812507629395e-02,1.644840836524963379e-01,0.000000000000000000e+00,0.000000000000000000e+00,2.167718112468719482e-01,6.974858045578002930e-01,0.000000000000000000e+00,0.000000000000000000e+00,0.000000000000000000e+00,0.000000000000000000e+00,0.000000000000000000e+00,0.000000000000000000e+00,0.000000000000000000e+00,6.869812607765197754e-01,0.000000000000000000e+00,1.483410745859146118e-01,1.657961010932922363e-01,0.000000000000000000e+00,6.039571762084960938e-01,2.563387751579284668e-01,4.216359257698059082e-01,7.720261216163635254e-01,3.928769379854202271e-02,1.889277994632720947e-01,2.665273845195770264e-01,1.533448696136474609e+00,7.253257036209106445e-01,3.606537282466888428e-01,1.841348111629486084e-01,1.822812706232070923e-01,0.000000000000000000e+00
1.990353763103485107e-01,1.019125208258628845e-01,0.000000000000000000e+00,3.425157368183135986e-01,8.747011423110961914e-02,0.000000000000000000e+00,1.154225617647171021e-01,1.170786246657371521e-01,0.000000000000000000e+00,4.528091549873352051e-01,8.332692831754684448e-02,0.000000000000000000e+00,3.402597084641456604e-02,0.000000000000000000e+00,1.460372507572174072e-01,2.367358803749084473e-01,8.010978698730468750e-01,0.000000000000000000e+00,5.318514257669448853e-02,0.000000000000000000e+00,2.787606418132781982e-01,3.465599715709686279e-01,0.000000000000000000e+00,3.975557684898376465e-01,3.077407181262969971e-01,2.441121578216552734e+00,0.000000000000000000e+00,0.000000000000000000e+00,4.216703772544860840e-01,0.000000000000000000e+00,1.070444099605083466e-02,0.000000000000000000e+00,0.000000000000000000e+00,6.480059623718261719e-01,0.000000000000000000e+00,3.195008039474487305e-01,5.340435542166233063e-03,7.113955914974212646e-02,2.535137236118316650e-01,3.242747485637664795e-01,0.000000000000000000e+00,3.860298544168472290e-02,0.000000000000000000e+00,1.340478509664535522e-01,0.000000000000000000e+00,1.922652684152126312e-02,1.646758019924163818e-01,6.779046058654785156e-01,0.000000000000000000e+00,1.060493469238281250e+00,1.071286574006080627e-01,3.009798526763916016e-01,9.694525003433227539e-01,6.705313920974731445e-02,0.000000000000000000e+00,5.864006876945495605e-01,0.000000000000000000e+00,3.393335342407226562e-01,3.988905549049377441e-01,7.787331342697143555e-01,0.000000000000000000e+00,2.104513049125671387e-01,2.011987417936325073e-01,5.585643053054809570e-01,0.000000000000000000e+00,8.792892694473266602e-01,0.000000000000000000e+00,1.628251373767852783e-01,0.000000000000000000e+00,1.106815338134765625e-01,4.983465373516082764e-01,4.963184595108032227e-01,2.031076513230800629e-02,0.000000000000000000e+00,0.000000000000000000e+00,0.000000000000000000e+00,0.000000000000000000e+00,7.735904455184936523e-01,0.000000000000000000e+00,1.052016019821166992e+00,6.625734269618988037e-02,1.945088803768157959e-02,1.935683190822601318e-01,0.000000000000000000e+00,0.000000000000000000e+00,0.000000000000000000e+00,0.000000000000000000e+00,0.000000000000000000e+00,0.000000000000000000e+00,8.375861644744873047e-01,1.232386305928230286e-01,0.000000000000000000e+00,0.000000000000000000e+00,8.445148468017578125e-01,3.078047633171081543e-01,0.000000000000000000e+00,0.000000000000000000e+00,1.467673629522323608e-01,4.686198234558105469e-01,0.000000000000000000e+00,0.000000000000000000e+00,4.686333835124969482e-01,2.619817256927490234e-01,0.000000000000000000e+00,0.000000000000000000e+00,0.000000000000000000e+00,1.187030225992202759e-02,0.000000000000000000e+00,0.000000000000000000e+00,1.043883562088012695e-01,1.426472514867782593e-01,0.000000000000000000e+00,2.692075371742248535e-01,2.112813144922256470e-01,0.000000000000000000e+00,7.897901535034179688e-01,4.983522593975067139e-01,1.742462813854217529e-01,6.178731843829154968e-02,0.000000000000000000e+00,0.000000000000000000e+00,5.329959988594055176e-01,1.533533573150634766e+00,1.872319430112838745e-01,1.539888828992843628e-01,6.102269142866134644e-02,0.000000000000000000e+00,0.000000000000000000e+00
1.996317207813262939e-01,8.979969620704650879e-01,0.000000000000000000e+00,2.691420316696166992e-01,2.292485088109970093e-01,0.000000000000000000e+00,1.359590590000152588e-01,5.077393054962158203e-01,0.000000000000000000e+00,2.696136534214019775e-01,2.186219245195388794e-01,3.808061033487319946e-02,1.309377104043960571e-01,0.000000000000000000e+00,4.448893666267395020e-01,2.408169209957122803e-01,3.693265020847320557e-01,3.792878687381744385e-01,1.874936521053314209e-01,0.000000000000000000e+00,2.224299013614654541e-01,9.779744744300842285e-01,0.000000000000000000e+00,7.466322779655456543e-01,6.697764396667480469e-01,2.869662761688232422e+00,0.000000000000000000e+00,0.000000000000000000e+00,1.008008047938346863e-01,0.000000000000000000e+00,7.604879140853881836e-02,4.038437269628047943e-03,0.000000000000000000e+00,2.921960353851318359e-01,0.000000000000000000e+00,7.816067337989807129e-02,2.685822248458862305e-01,6.496613845229148865e-03,2.331551313400268555e-01,2.821682095527648926e-01,0.000000000000000000e+00,2.743958532810211182e-01,0.000000000000000000e+00,0.000000000000000000e+00,0.000000000000000000e+00,5.868078768253326416e-02,1.920986771583557129e-01,2.422349154949188232e-01,0.000000000000000000e+00,3.601707816123962402e-01,1.931194365024566650e-01,9.185212850570678711e-01,3.610291779041290283e-01,0.000000000000000000e+00,0.000000000000000000e+00,1.842583417892456055e-01,0.000000000000000000e+00,4.855060577392578125e-01,7.588812112808227539e-01,2.277993112802505493e-01,3.145867027342319489e-03,4.713912308216094971e-02,9.958552569150924683e-02,6.413981914520263672e-01,0.000000000000000000e+00,7.610557079315185547e-01,2.418644577264785767e-01,2.398657500743865967e-01,0.000000000000000000e+00,1.003808006644248962e-01,0.000000000000000000e+00,3.960598111152648926e-01,1.540803611278533936e-01,0.000000000000000000e+00,0.000000000000000000e+00,3.664977103471755981e-02,0.000000000000000000e+00,6.790546178817749023e-01,0.000000000000000000e+00,2.942317724227905273e-01,0.000000000000000000e+00,5.390368402004241943e-02,3.503156602382659912e-01,0.000000000000000000e+00,0.000000000000000000e+00,0.000000000000000000e+00,0.000000000000000000e+00,0.000000000000000000e+00,0.000000000000000000e+00,4.464233219623565674e-01,1.462869942188262939e-01,0.000000000000000000e+00,0.000000000000000000e+00,1.310296416282653809e+00,7.473544776439666748e-02,0.000000000000000000e+00,2.711261808872222900e-01,8.167311549186706543e-01,4.349105358123779297e-01,0.000000000000000000e+00,0.000000000000000000e+00,1.749904751777648926e-01,1.109006553888320923e-01,0.000000000000000000e+00,0.000000000000000000e+00,0.000000000000000000e+00,0.000000000000000000e+00,0.000000000000000000e+00,0.000000000000000000e+00,6.169573217630386353e-02,8.129816055297851562e-01,0.000000000000000000e+00,4.937245845794677734e-01,5.691287517547607422e-01,0.000000000000000000e+00,5.268163084983825684e-01,3.663986921310424805e-01,1.119036555290222168e+00,9.646198749542236328e-01,0.000000000000000000e+00,7.836485654115676880e-02,7.268597483634948730e-01,1.778466224670410156e+00,2.953285872936248779e-01,5.576124191284179688e-01,6.476332247257232666e-02,0.000000000000000000e+00,0.000000000000000000e+00
7.032030075788497925e-02,1.061374187469482422e+00,0.000000000000000000e+00,1.338911354541778564e-01,1.482103019952774048e-01,0.000000000000000000e+00,4.896413385868072510e-01,1.041603460907936096e-01,0.000000000000000000e+00,9.861712455749511719e-01,4.501414485275745392e-03,1.517296284437179565e-01,4.615180790424346924e-01,0.000000000000000000e+00,1.451468467712402344e-02,4.626582562923431396e-02,4.106082767248153687e-02,2.850890755653381348e-01,5.593600869178771973e-01,0.000000000000000000e+00,4.207130968570709229e-01,2.825607657432556152e-01,0.000000000000000000e+00,3.377255797386169434e-01,3.998840153217315674e-01,3.119103670120239258e+00,0.000000000000000000e+00,0.000000000000000000e+00,3.315794095396995544e-02,1.641648076474666595e-02,0.000000000000000000e+00,0.000000000000000000e+00,0.000000000000000000e+00,6.786173582077026367e-02,1.806370168924331665e-02,2.753947675228118896e-02,5.608161687850952148e-01,1.874871999025344849e-01,1.820928156375885010e-01,0.000000000000000000e+00,0.000000000000000000e+00,1.968797668814659119e-02,0.000000000000000000e+00,0.000000000000000000e+00,0.000000000000000000e+00,1.639726161956787109e-01,0.000000000000000000e+00,1.104194968938827515e-01,0.000000000000000000e+00,4.008568525314331055e-01,2.049352824687957764e-01,1.547266989946365356e-01,1.593119621276855469e+00,1.828441470861434937e-01,0.000000000000000000e+00,4.337950050830841064e-02,0.000000000000000000e+00,1.563597559928894043e+00,9.202844500541687012e-01,1.099853277206420898e+00,0.000000000000000000e+00,5.375270545482635498e-02,6.495853662490844727e-01,1.952307671308517456e-01,0.000000000000000000e+00,7.758781909942626953e-01,1.395850032567977905e-01,3.037240803241729736e-01,0.000000000000000000e+00,3.156681358814239502e-01,2.438485622406005859e-02,1.037769541144371033e-01,2.949436008930206299e-01,0.000000000000000000e+00,0.000000000000000000e+00,4.202990978956222534e-02,0.000000000000000000e+00,1.214051842689514160e+00,0.000000000000000000e+00,0.000000000000000000e+00,4.918089509010314941e-02,8.889293670654296875e-02,3.934227228164672852e-01,7.558981329202651978e-02,0.000000000000000000e+00,0.000000000000000000e+00,0.000000000000000000e+00,1.294537931680679321e-01,3.252404928207397461e-02,7.367918491363525391e-01,1.669624894857406616e-01,0.000000000000000000e+00,0.000000000000000000e+00,1.103523492813110352e+00,7.089333236217498779e-02,0.000000000000000000e+00,2.009600996971130371e-01,1.157532632350921631e-01,1.598899960517883301e-01,0.000000000000000000e+00,0.000000000000000000e+00,4.507337883114814758e-02,2.422063946723937988e-01,0.000000000000000000e+00,0.000000000000000000e+00,0.000000000000000000e+00,0.000000000000000000e+00,0.000000000000000000e+00,0.000000000000000000e+00,0.000000000000000000e+00,5.983209013938903809e-01,0.000000000000000000e+00,2.291299775242805481e-02,5.764894187450408936e-02,0.000000000000000000e+00,7.888811826705932617e-01,1.450552642345428467e-01,5.208662152290344238e-01,9.303190708160400391e-01,5.694462731480598450e-02,1.089530251920223236e-02,5.479478836059570312e-01,1.876322388648986816e+00,9.821183681488037109e-01,1.343707591295242310e-01,9.973616153001785278e-02,1.919593364000320435e-01,0.000000000000000000e+00
0.000000000000000000e+00,3.729598820209503174e-01,0.000000000000000000e+00,9.644570760428905487e-03,1.329247236251831055e+00,0.000000000000000000e+00,1.103186085820198059e-01,2.597754597663879395e-01,0.000000000000000000e+00,0.000000000000000000e+00,0.000000000000000000e+00,0.000000000000000000e+00,9.785005450248718262e-01,0.000000000000000000e+00,1.259482949972152710e-01,2.080407366156578064e-02,5.682553052902221680e-01,1.988618634641170502e-03,4.828758835792541504e-01,0.000000000000000000e+00,4.216162562370300293e-01,2.310990393161773682e-01,0.000000000000000000e+00,3.891124725341796875e-01,2.601400911808013916e-01,2.999464035034179688e+00,0.000000000000000000e+00,0.000000000000000000e+00,1.036972701549530029e-01,0.000000000000000000e+00,4.518494606018066406e-01,1.209332123398780823e-01,0.000000000000000000e+00,2.470089122653007507e-02,0.000000000000000000e+00,7.281529158353805542e-02,2.282462269067764282e-01,3.228726610541343689e-02,8.055494725704193115e-02,0.000000000000000000e+00,0.000000000000000000e+00,5.445641279220581055e-02,0.000000000000000000e+00,0.000000000000000000e+00,0.000000000000000000e+00,0.000000000000000000e+00,0.000000000000000000e+00,0.000000000000000000e+00,0.000000000000000000e+00,2.170792818069458008e-01,3.358588088303804398e-03,8.409214019775390625e-02,9.320206046104431152e-01,0.000000000000000000e+00,0.000000000000000000e+00,1.235691979527473450e-01,0.000000000000000000e+00,9.872205555438995361e-03,5.498826503753662109e-01,6.462766528129577637e-01,1.127817705273628235e-01,6.948617100715637207e-02,1.477629095315933228e-01,6.143139600753784180e-01,0.000000000000000000e+00,6.563918590545654297e-01,0.000000000000000000e+00,1.075328886508941650e-01,0.000000000000000000e+00,0.000000000000000000e+00,5.817874521017074585e-02,3.487104922533035278e-02,8.446129038929939270e-03,0.000000000000000000e+00,0.000000000000000000e+00,4.271248728036880493e-02,0.000000000000000000e+00,7.031942009925842285e-01,0.000000000000000000e+00,1.116051673889160156e-01,0.000000000000000000e+00,1.081413105130195618e-01,3.797375559806823730e-01,0.000000000000000000e+00,0.000000000000000000e+00,0.000000000000000000e+00,0.000000000000000000e+00,2.134486101567745209e-02,0.000000000000000000e+00,4.460183978080749512e-01,0.000000000000000000e+00,0.000000000000000000e+00,0.000000000000000000e+00,7.225427627563476562e-01,3.444088101387023926e-01,0.000000000000000000e+00,9.138111770153045654e-02,0.000000000000000000e+00,4.341077208518981934e-01,0.000000000000000000e+00,2.636693976819515228e-02,0.000000000000000000e+00,7.293997406959533691e-01,0.000000000000000000e+00,0.000000000000000000e+00,0.000000000000000000e+00,0.000000000000000000e+00,0.000000000000000000e+00,0.000000000000000000e+00,0.000000000000000000e+00,1.017371773719787598e+00,0.000000000000000000e+00,9.808164089918136597e-02,1.714519262313842773e-01,0.000000000000000000e+00,3.722354173660278320e-01,2.144099213182926178e-02,1.038292050361633301e-01,0.000000000000000000e+00,0.000000000000000000e+00,7.249413430690765381e-02,2.722231745719909668e-01,1.685807943344116211e+00,3.228203654289245605e-01,6.850415468215942383e-02,0.000000000000000000e+00,1.265608705580234528e-03,0.000000000000000000e+00
1.199086681008338928e-01,8.850193023681640625e-02,0.000000000000000000e+00,9.486024081707000732e-02,1.436559557914733887e-01,0.000000000000000000e+00,2.928969264030456543e-01,5.711333155632019043e-01,0.000000000000000000e+00,3.996218144893646240e-01,1.330711394548416138e-01,0.000000000000000000e+00,9.332057088613510132e-02,0.000000000000000000e+00,4.274483919143676758e-01,2.943131327629089355e-01,4.640457332134246826e-01,0.000000000000000000e+00,2.155341356992721558e-01,0.000000000000000000e+00,1.792441159486770630e-01,5.406678915023803711e-01,0.000000000000000000e+00,8.523263931274414062e-01,7.631425857543945312e-01,3.463978052139282227e+00,0.000000000000000000e+00,0.000000000000000000e+00,1.639404892921447754e-01,2.027453295886516571e-02,0.000000000000000000e+00,0.000000000000000000e+00,0.000000000000000000e+00,7.120207548141479492e-01,0.000000000000000000e+00,9.283037483692169189e-02,2.749090492725372314e-01,0.000000000000000000e+00,4.756750911474227905e-02,1.735838502645492554e-02,0.000000000000000000e+00,1.248053833842277527e-01,0.000000000000000000e+00,0.000000000000000000e+00,0.000000000000000000e+00,0.000000000000000000e+00,6.107506155967712402e-02,4.412695765495300293e-01,0.000000000000000000e+00,4.806318581104278564e-01,2.320123016834259033e-01,4.198290109634399414e-01,1.349534988403320312e+00,0.000000000000000000e+00,0.000000000000000000e+00,0.000000000000000000e+00,0.000000000000000000e+00,3.997379839420318604e-01,1.195428252220153809e+00,2.966660261154174805e-01,3.730905428528785706e-02,5.909737199544906616e-02,2.996549606323242188e-01,6.748317480087280273e-01,0.000000000000000000e+00,4.396846294403076172e-01,4.299313202500343323e-02,1.040887609124183655e-01,0.000000000000000000e+00,9.977063164114952087e-04,1.552416682243347168e-01,7.879251241683959961e-01,9.752012789249420166e-02,0.000000000000000000e+00,0.000000000000000000e+00,0.000000000000000000e+00,4.333876445889472961e-02,1.077531576156616211e+00,0.000000000000000000e+00,1.984624415636062622e-01,9.308812208473682404e-03,1.075029596686363220e-01,2.833239436149597168e-01,0.000000000000000000e+00,0.000000000000000000e+00,0.000000000000000000e+00,0.000000000000000000e+00,0.000000000000000000e+00,0.000000000000000000e+00,1.298831701278686523e+00,0.000000000000000000e+00,0.000000000000000000e+00,0.000000000000000000e+00,1.152535915374755859e+00,6.465884298086166382e-02,0.000000000000000000e+00,0.000000000000000000e+00,1.078111976385116577e-01,6.804967522621154785e-01,0.000000000000000000e+00,0.000000000000000000e+00,9.053187370300292969e-01,9.659103304147720337e-02,0.000000000000000000e+00,0.000000000000000000e+00,0.000000000000000000e+00,3.803902864456176758e-02,0.000000000000000000e+00,0.000000000000000000e+00,0.000000000000000000e+00,6.176775693893432617e-02,0.000000000000000000e+00,5.011133551597595215e-01,4.118175506591796875e-01,0.000000000000000000e+00,1.324532508850097656e+00,7.774204015731811523e-01,7.566350698471069336e-01,5.355384349822998047e-01,0.000000000000000000e+00,0.000000000000000000e+00,8.660890460014343262e-01,1.900223016738891602e+00,1.884346604347229004e-01,4.584395289421081543e-01,0.000000000000000000e+00,0.000000000000000000e+00,0.000000000000000000e+00
3.860521316528320312e-01,5.383641719818115234e-01,0.000000000000000000e+00,2.516959905624389648e-01,2.202515602111816406e-01,0.000000000000000000e+00,2.483888119459152222e-01,1.142122626304626465e+00,0.000000000000000000e+00,1.552108079195022583e-01,1.674833521246910095e-02,0.000000000000000000e+00,9.791977703571319580e-02,0.000000000000000000e+00,3.140769302845001221e-01,3.881705924868583679e-02,1.121708303689956665e-01,1.926386356353759766e-02,2.801091670989990234e-01,0.000000000000000000e+00,8.524663001298904419e-02,5.240343809127807617e-01,0.000000000000000000e+00,5.451228618621826172e-01,2.435147017240524292e-01,2.859653711318969727e+00,0.000000000000000000e+00,0.000000000000000000e+00,9.579013288021087646e-02,0.000000000000000000e+00,1.394912786781787872e-02,0.000000000000000000e+00,0.000000000000000000e+00,1.547220051288604736e-01,0.000000000000000000e+00,2.349624931812286377e-01,0.000000000000000000e+00,0.000000000000000000e+00,1.390169002115726471e-02,0.000000000000000000e+00,0.000000000000000000e+00,5.673576593399047852e-01,0.000000000000000000e+00,6.487324088811874390e-02,0.000000000000000000e+00,2.398457825183868408e-01,1.137476637959480286e-01,5.875046253204345703e-01,0.000000000000000000e+00,5.411620736122131348e-01,7.484538555145263672e-01,3.496662676334381104e-01,9.346061944961547852e-01,0.000000000000000000e+00,0.000000000000000000e+00,4.465802013874053955e-02,0.000000000000000000e+00,4.498561620712280273e-01,8.736823797225952148e-01,9.896005988121032715e-01,0.000000000000000000e+00,3.714258223772048950e-02,5.927159786224365234e-01,9.514045715332031250e-01,0.000000000000000000e+00,8.281200528144836426e-01,0.000000000000000000e+00,6.220993995666503906e-01,0.000000000000000000e+00,0.000000000000000000e+00,8.886331319808959961e-02,6.139329671859741211e-01,6.350955963134765625e-01,0.000000000000000000e+00,0.000000000000000000e+00,0.000000000000000000e+00,0.000000000000000000e+00,1.238351821899414062e+00,0.000000000000000000e+00,1.212164908647537231e-01,5.378203988075256348e-01,5.842472612857818604e-02,1.822752207517623901e-01,0.000000000000000000e+00,0.000000000000000000e+00,0.000000000000000000e+00,0.000000000000000000e+00,1.282524913549423218e-01,0.000000000000000000e+00,1.228509068489074707e+00,0.000000000000000000e+00,0.000000000000000000e+00,0.000000000000000000e+00,1.205625653266906738e+00,0.000000000000000000e+00,0.000000000000000000e+00,0.000000000000000000e+00,0.000000000000000000e+00,5.518140196800231934e-01,2.813106961548328400e-02,0.000000000000000000e+00,7.583681344985961914e-01,2.308927178382873535e-01,0.000000000000000000e+00,0.000000000000000000e+00,0.000000000000000000e+00,1.443034969270229340e-03,0.000000000000000000e+00,0.000000000000000000e+00,0.000000000000000000e+00,1.469023972749710083e-01,0.000000000000000000e+00,3.940139710903167725e-01,3.889782130718231201e-01,0.000000000000000000e+00,1.267602443695068359e+00,2.236879169940948486e-01,8.288800716400146484e-02,1.364142149686813354e-01,0.000000000000000000e+00,0.000000000000000000e+00,9.399265050888061523e-01,1.925287485122680664e+00,6.280036270618438721e-02,7.829853892326354980e-02,2.726280391216278076e-01,0.000000000000000000e+00,0.000000000000000000e+00
0.000000000000000000e+00,8.740720152854919434e-01,0.000000000000000000e+00,1.409269217401742935e-02,7.867156267166137695e-01,0.000000000000000000e+00,2.274585813283920288e-01,4.092767834663391113e-03,0.000000000000000000e+00,1.071156635880470276e-01,9.286874532699584961e-02,0.000000000000000000e+00,5.536398887634277344e-01,0.000000000000000000e+00,0.000000000000000000e+00,4.308027029037475586e-02,8.839148879051208496e-01,3.001840971410274506e-02,1.522911638021469116e-01,0.000000000000000000e+00,4.294756650924682617e-01,1.226745732128620148e-02,0.000000000000000000e+00,1.359129399061203003e-01,3.622276186943054199e-01,2.928914070129394531e+00,0.000000000000000000e+00,0.000000000000000000e+00,0.000000000000000000e+00,0.000000000000000000e+00,1.187056526541709900e-01,4.341182112693786621e-02,0.000000000000000000e+00,8.252738416194915771e-02,0.000000000000000000e+00,9.130220115184783936e-02,3.584696054458618164e-01,1.915906369686126709e-02,4.541373346000909805e-03,0.000000000000000000e+00,0.000000000000000000e+00,0.000000000000000000e+00,0.000000000000000000e+00,8.350889384746551514e-02,0.000000000000000000e+00,0.000000000000000000e+00,4.379951581358909607e-02,1.140834838151931763e-01,0.000000000000000000e+00,5.751014351844787598e-01,0.000000000000000000e+00,4.760129377245903015e-02,1.374131321907043457e+00,0.000000000000000000e+00,0.000000000000000000e+00,1.006195023655891418e-01,0.000000000000000000e+00,5.412912368774414062e-01,6.749373078346252441e-01,9.866464138031005859e-01,6.610611453652381897e-03,0.000000000000000000e+00,1.120704710483551025e-01,8.493120968341827393e-02,0.000000000000000000e+00,5.909141302108764648e-01,0.000000000000000000e+00,1.853614151477813721e-01,0.000000000000000000e+00,2.673875689506530762e-01,1.648157835006713867e-01,2.833777666091918945e-02,0.000000000000000000e+00,0.000000000000000000e+00,0.000000000000000000e+00,7.391030341386795044e-02,0.000000000000000000e+00,7.980306148529052734e-01,0.000000000000000000e+00,1.659351885318756104e-01,0.000000000000000000e+00,0.000000000000000000e+00,3.015143275260925293e-01,0.000000000000000000e+00,0.000000000000000000e+00,0.000000000000000000e+00,0.000000000000000000e+00,0.000000000000000000e+00,0.000000000000000000e+00,3.625674247741699219e-01,7.191286981105804443e-02,0.000000000000000000e+00,0.000000000000000000e+00,6.924899220466613770e-01,9.319428354501724243e-02,0.000000000000000000e+00,0.000000000000000000e+00,0.000000000000000000e+00,1.375761330127716064e-01,6.882897764444351196e-02,0.000000000000000000e+00,0.000000000000000000e+00,5.702716112136840820e-01,0.000000000000000000e+00,0.000000000000000000e+00,0.000000000000000000e+00,0.000000000000000000e+00,0.000000000000000000e+00,0.000000000000000000e+00,0.000000000000000000e+00,1.394131422042846680e+00,0.000000000000000000e+00,4.035006277263164520e-03,9.755543433129787445e-03,0.000000000000000000e+00,3.094071447849273682e-01,1.256303787231445312e-01,2.601926624774932861e-01,2.236504107713699341e-01,0.000000000000000000e+00,5.617667362093925476e-02,2.030258029699325562e-01,1.711223006248474121e+00,1.013151884078979492e+00,7.663021981716156006e-02,1.341161876916885376e-02,1.163786090910434723e-02,0.000000000000000000e+00
0.000000000000000000e+00,8.075552582740783691e-01,0.000000000000000000e+00,3.698262199759483337e-02,1.082490563392639160e+00,0.000000000000000000e+00,8.675777912139892578e-02,8.455869555473327637e-02,0.000000000000000000e+00,8.310154825448989868e-02,0.000000000000000000e+00,0.000000000000000000e+00,5.882042646408081055e-01,0.000000000000000000e+00,5.258270353078842163e-02,0.000000000000000000e+00,3.524111211299896240e-01,4.164872691035270691e-03,3.693989217281341553e-01,0.000000000000000000e+00,4.116697907447814941e-01,1.825062036514282227e-01,0.000000000000000000e+00,3.289674818515777588e-01,1.441882848739624023e-01,2.913247585296630859e+00,0.000000000000000000e+00,0.000000000000000000e+00,1.679307408630847931e-02,0.000000000000000000e+00,4.070659354329109192e-02,4.683785438537597656e-01,0.000000000000000000e+00,2.298513203859329224e-01,0.000000000000000000e+00,2.553243339061737061e-01,3.215106129646301270e-01,1.796424575150012970e-02,3.611920773983001709e-01,1.842428594827651978e-01,0.000000000000000000e+00,0.000000000000000000e+00,0.000000000000000000e+00,0.000000000000000000e+00,0.000000000000000000e+00,3.797779604792594910e-02,0.000000000000000000e+00,0.000000000000000000e+00,0.000000000000000000e+00,3.095171153545379639e-01,1.028430312871932983e-01,2.796240150928497314e-03,5.782153606414794922e-01,2.019116282463073730e-02,0.000000000000000000e+00,6.295494735240936279e-02,0.000000000000000000e+00,1.422787904739379883e-01,2.222195863723754883e-01,8.680586814880371094e-01,5.364484339952468872e-02,0.000000000000000000e+00,1.087279692292213440e-01,1.937739551067352295e-01,0.000000000000000000e+00,7.531759142875671387e-01,0.000000000000000000e+00,4.271059036254882812e-01,0.000000000000000000e+00,1.084538817405700684e+00,0.000000000000000000e+00,0.000000000000000000e+00,2.693441510200500488e-02,0.000000000000000000e+00,0.000000000000000000e+00,2.165404409170150757e-01,0.000000000000000000e+00,5.556798577308654785e-01,0.000000000000000000e+00,3.100655972957611084e-03,7.277121394872665405e-02,5.641034804284572601e-03,1.730254292488098145e-01,0.000000000000000000e+00,0.000000000000000000e+00,0.000000000000000000e+00,0.000000000000000000e+00,8.790945261716842651e-02,0.000000000000000000e+00,2.891643047332763672e-01,0.000000000000000000e+00,0.000000000000000000e+00,0.000000000000000000e+00,1.116937398910522461e+00,7.860438227653503418e-01,0.000000000000000000e+00,0.000000000000000000e+00,0.000000000000000000e+00,3.348729610443115234e-01,1.084665954113006592e-01,5.575054883956909180e-01,0.000000000000000000e+00,7.082289457321166992e-01,0.000000000000000000e+00,0.000000000000000000e+00,0.000000000000000000e+00,0.000000000000000000e+00,0.000000000000000000e+00,0.000000000000000000e+00,0.000000000000000000e+00,6.599493026733398438e-01,0.000000000000000000e+00,3.025133907794952393e-01,2.080790996551513672e-01,0.000000000000000000e+00,1.725880652666091919e-01,0.000000000000000000e+00,0.000000000000000000e+00,4.692412912845611572e-01,6.349635869264602661e-02,3.669589757919311523e-01,7.944770902395248413e-02,1.504361629486083984e+00,8.648025989532470703e-01,5.720958113670349121e-03,4.711708426475524902e-02,9.870672225952148438e-02,0.000000000000000000e+00
4.208182096481323242e-01,1.216598376631736755e-01,0.000000000000000000e+00,1.957796216011047363e-01,6.426997017115354538e-03,0.000000000000000000e+00,8.347600102424621582e-01,9.937117993831634521e-02,0.000000000000000000e+00,2.773131430149078369e-01,6.220909953117370605e-02,0.000000000000000000e+00,1.845376193523406982e-01,0.000000000000000000e+00,4.110465049743652344e-01,3.193562328815460205e-01,1.160034418106079102e+00,0.000000000000000000e+00,1.323710083961486816e-01,0.000000000000000000e+00,3.013424277305603027e-01,1.621456816792488098e-03,0.000000000000000000e+00,4.222414493560791016e-01,3.412606120109558105e-01,2.576507568359375000e+00,0.000000000000000000e+00,0.000000000000000000e+00,5.851820111274719238e-02,2.576759457588195801e-02,2.521588094532489777e-02,0.000000000000000000e+00,0.000000000000000000e+00,4.662355035543441772e-02,3.135408088564872742e-02,6.278112530708312988e-01,0.000000000000000000e+00,3.533093258738517761e-03,3.819265961647033691e-02,0.000000000000000000e+00,0.000000000000000000e+00,4.527306556701660156e-01,0.000000000000000000e+00,0.000000000000000000e+00,0.000000000000000000e+00,0.000000000000000000e+00,3.801231384277343750e-01,1.144316673278808594e+00,0.000000000000000000e+00,8.157638907432556152e-01,1.111244708299636841e-01,2.088429778814315796e-01,1.155981540679931641e+00,0.000000000000000000e+00,0.000000000000000000e+00,2.180719822645187378e-01,0.000000000000000000e+00,3.179577887058258057e-01,3.932479918003082275e-01,1.437491655349731445e+00,0.000000000000000000e+00,1.336364541202783585e-02,1.775430589914321899e-01,0.000000000000000000e+00,0.000000000000000000e+00,8.498346805572509766e-01,0.000000000000000000e+00,6.517705321311950684e-02,0.000000000000000000e+00,2.630855143070220947e-02,7.207925319671630859e-01,8.270114660263061523e-03,4.611109197139739990e-02,0.000000000000000000e+00,0.000000000000000000e+00,0.000000000000000000e+00,0.000000000000000000e+00,7.615518569946289062e-01,0.000000000000000000e+00,6.181653141975402832e-01,1.603967547416687012e-01,1.916104853153228760e-01,2.047456800937652588e-01,0.000000000000000000e+00,0.000000000000000000e+00,0.000000000000000000e+00,0.000000000000000000e+00,0.000000000000000000e+00,8.715471625328063965e-02,8.575046658515930176e-01,0.000000000000000000e+00,0.000000000000000000e+00,0.000000000000000000e+00,6.023389101028442383e-01,0.000000000000000000e+00,0.000000000000000000e+00,0.000000000000000000e+00,0.000000000000000000e+00,5.585007667541503906e-01,0.000000000000000000e+00,0.000000000000000000e+00,1.408154517412185669e-02,2.021048814058303833e-01,0.000000000000000000e+00,0.000000000000000000e+00,0.000000000000000000e+00,3.405785560607910156e-01,0.000000000000000000e+00,0.000000000000000000e+00,0.000000000000000000e+00,0.000000000000000000e+00,0.000000000000000000e+00,1.591847836971282959e-01,3.474915623664855957e-01,0.000000000000000000e+00,8.032028675079345703e-01,4.163631796836853027e-01,1.494036763906478882e-01,1.380464527755975723e-02,0.000000000000000000e+00,0.000000000000000000e+00,2.573073506355285645e-01,1.574494838714599609e+00,5.745210051536560059e-01,2.413133680820465088e-01,1.105342730879783630e-01,3.245596960186958313e-02,0.000000000000000000e+00
0.000000000000000000e+00,6.307558417320251465e-01,0.000000000000000000e+00,1.675383597612380981e-01,4.947121068835258484e-02,0.000000000000000000e+00,5.640054866671562195e-02,2.778197452425956726e-02,0.000000000000000000e+00,8.828762173652648926e-02,1.441835518926382065e-02,0.000000000000000000e+00,2.133999168872833252e-01,0.000000000000000000e+00,0.000000000000000000e+00,2.184925973415374756e-01,2.843324542045593262e-01,1.965555362403392792e-03,9.535068273544311523e-02,0.000000000000000000e+00,2.816714048385620117e-01,2.687885425984859467e-02,0.000000000000000000e+00,3.658029735088348389e-01,5.474017262458801270e-01,3.058324575424194336e+00,0.000000000000000000e+00,0.000000000000000000e+00,8.856332302093505859e-02,0.000000000000000000e+00,0.000000000000000000e+00,1.789860576391220093e-01,0.000000000000000000e+00,3.799450770020484924e-02,0.000000000000000000e+00,2.341361641883850098e-01,2.460731118917465210e-01,1.708845607936382294e-02,1.249319091439247131e-01,0.000000000000000000e+00,0.000000000000000000e+00,0.000000000000000000e+00,0.000000000000000000e+00,9.591654688119888306e-02,0.000000000000000000e+00,2.793718501925468445e-02,0.000000000000000000e+00,2.634310536086559296e-02,0.000000000000000000e+00,1.096726536750793457e+00,1.189956218004226685e-01,3.783027082681655884e-02,2.648890018463134766e-01,3.612560033798217773e-01,0.000000000000000000e+00,1.200767979025840759e-02,0.000000000000000000e+00,3.962621092796325684e-01,1.087353900074958801e-01,9.599748849868774414e-01,0.000000000000000000e+00,4.841493442654609680e-03,1.367673277854919434e-01,1.900432109832763672e-01,0.000000000000000000e+00,9.891207218170166016e-01,0.000000000000000000e+00,9.151392579078674316e-01,0.000000000000000000e+00,1.814425140619277954e-01,2.989596128463745117e-01,0.000000000000000000e+00,2.430616021156311035e-01,0.000000000000000000e+00,0.000000000000000000e+00,1.227540448307991028e-01,0.000000000000000000e+00,9.961802363395690918e-01,0.000000000000000000e+00,5.618650838732719421e-02,1.223042048513889313e-02,3.287567757070064545e-03,5.705903843045234680e-02,0.000000000000000000e+00,0.000000000000000000e+00,0.000000000000000000e+00,0.000000000000000000e+00,2.088253051042556763e-01,1.195325776934623718e-01,3.973085284233093262e-01,0.000000000000000000e+00,0.000000000000000000e+00,0.000000000000000000e+00,1.252646327018737793e+00,3.059139251708984375e-01,0.000000000000000000e+00,0.000000000000000000e+00,0.000000000000000000e+00,2.444581240415573120e-01,0.000000000000000000e+00,0.000000000000000000e+00,0.000000000000000000e+00,3.879824280738830566e-02,0.000000000000000000e+00,0.000000000000000000e+00,0.000000000000000000e+00,1.579673588275909424e-02,0.000000000000000000e+00,0.000000000000000000e+00,0.000000000000000000e+00,5.619596838951110840e-01,0.000000000000000000e+00,1.281273663043975830e-01,0.000000000000000000e+00,0.000000000000000000e+00,3.954172432422637939e-01,1.424043253064155579e-02,0.000000000000000000e+00,3.029126822948455811e-01,0.000000000000000000e+00,5.223410725593566895e-01,9.045979380607604980e-02,1.936781764030456543e+00,4.774396717548370361e-01,0.000000000000000000e+00,1.481439769268035889e-01,0.000000000000000000e+00,0.000000000000000000e+00
5.266246795654296875e-01,8.905108571052551270e-01,0.000000000000000000e+00,4.268578290939331055e-01,2.886714637279510498e-01,0.000000000000000000e+00,1.183066740632057190e-01,1.944326758384704590e-01,0.000000000000000000e+00,5.576605796813964844e-01,2.375106960535049438e-01,5.488585233688354492e-01,2.320011258125305176e-01,0.000000000000000000e+00,5.638374090194702148e-01,3.796421922743320465e-03,1.973944604396820068e-01,5.383622646331787109e-01,3.584880232810974121e-01,0.000000000000000000e+00,1.969517171382904053e-01,3.795708417892456055e-01,0.000000000000000000e+00,1.529696285724639893e-01,1.675802767276763916e-01,3.218152284622192383e+00,0.000000000000000000e+00,0.000000000000000000e+00,3.961904905736446381e-03,0.000000000000000000e+00,1.131986752152442932e-01,0.000000000000000000e+00,0.000000000000000000e+00,2.024785727262496948e-01,0.000000000000000000e+00,1.889562308788299561e-01,2.800803184509277344e-01,0.000000000000000000e+00,5.514273047447204590e-01,0.000000000000000000e+00,0.000000000000000000e+00,7.616256475448608398e-01,0.000000000000000000e+00,0.000000000000000000e+00,0.000000000000000000e+00,7.214381545782089233e-02,4.250915050506591797e-01,2.751132249832153320e-01,0.000000000000000000e+00,3.062641248106956482e-02,1.693324744701385498e-01,5.530954003334045410e-01,3.181978166103363037e-01,0.000000000000000000e+00,0.000000000000000000e+00,3.821990489959716797e-01,0.000000000000000000e+00,1.630501002073287964e-01,4.148830771446228027e-01,9.932869076728820801e-01,0.000000000000000000e+00,3.412361815571784973e-02,1.049373075366020203e-01,1.685881316661834717e-01,0.000000000000000000e+00,6.843972802162170410e-01,0.000000000000000000e+00,5.364310145378112793e-01,0.000000000000000000e+00,0.000000000000000000e+00,6.673038005828857422e-03,3.624507784843444824e-01,9.628243446350097656e-01,0.000000000000000000e+00,0.000000000000000000e+00,0.000000000000000000e+00,1.546476874500513077e-02,1.226289510726928711e+00,0.000000000000000000e+00,9.683335199952125549e-03,2.264100909233093262e-01,0.000000000000000000e+00,2.254415154457092285e-01,6.863009184598922729e-04,0.000000000000000000e+00,0.000000000000000000e+00,0.000000000000000000e+00,0.000000000000000000e+00,0.000000000000000000e+00,8.997215032577514648e-01,0.000000000000000000e+00,0.000000000000000000e+00,0.000000000000000000e+00,1.124546647071838379e+00,0.000000000000000000e+00,0.000000000000000000e+00,4.657755494117736816e-01,0.000000000000000000e+00,2.251009047031402588e-01,1.957415044307708740e-01,0.000000000000000000e+00,3.033828139305114746e-01,2.021740227937698364e-01,0.000000000000000000e+00,0.000000000000000000e+00,0.000000000000000000e+00,0.000000000000000000e+00,0.000000000000000000e+00,0.000000000000000000e+00,0.000000000000000000e+00,1.498054563999176025e-01,0.000000000000000000e+00,4.426295161247253418e-01,4.139377474784851074e-01,0.000000000000000000e+00,9.073252677917480469e-01,0.000000000000000000e+00,9.833331406116485596e-02,2.022804692387580872e-02,0.000000000000000000e+00,0.000000000000000000e+00,7.384731769561767578e-01,2.001560688018798828e+00,3.795745968818664551e-02,3.060482814908027649e-02,1.729681491851806641e-01,0.000000000000000000e+00,0.000000000000000000e+00
4.388493299484252930e-01,1.551546752452850342e-01,0.000000000000000000e+00,3.250876963138580322e-01,2.306895144283771515e-02,0.000000000000000000e+00,8.859947323799133301e-01,8.787002414464950562e-02,0.000000000000000000e+00,1.751432418823242188e-01,7.593635469675064087e-02,0.000000000000000000e+00,1.931193619966506958e-01,0.000000000000000000e+00,4.159883260726928711e-01,4.031468033790588379e-01,1.250209689140319824e+00,0.000000000000000000e+00,1.288047581911087036e-01,0.000000000000000000e+00,3.232062458992004395e-01,0.000000000000000000e+00,0.000000000000000000e+00,4.205462932586669922e-01,3.675472140312194824e-01,2.527838468551635742e+00,0.000000000000000000e+00,0.000000000000000000e+00,7.372547686100006104e-02,3.275101631879806519e-02,4.764040932059288025e-02,0.000000000000000000e+00,0.000000000000000000e+00,7.043316960334777832e-02,4.088309779763221741e-02,6.547060012817382812e-01,0.000000000000000000e+00,4.756804555654525757e-03,9.206861257553100586e-02,0.000000000000000000e+00,0.000000000000000000e+00,4.692756235599517822e-01,0.000000000000000000e+00,0.000000000000000000e+00,0.000000000000000000e+00,0.000000000000000000e+00,3.832945227622985840e-01,1.308635115623474121e+00,0.000000000000000000e+00,9.924825429916381836e-01,4.942005127668380737e-02,2.123049944639205933e-01,9.738548994064331055e-01,0.000000000000000000e+00,0.000000000000000000e+00,2.861042618751525879e-01,0.000000000000000000e+00,2.353405058383941650e-01,2.529075741767883301e-01,1.555515170097351074e+00,0.000000000000000000e+00,1.265678647905588150e-02,2.400321811437606812e-01,0.000000000000000000e+00,0.000000000000000000e+00,9.343662261962890625e-01,0.000000000000000000e+00,6.854279339313507080e-02,0.000000000000000000e+00,2.701505087316036224e-03,8.506809473037719727e-01,3.379900753498077393e-02,5.903526023030281067e-02,0.000000000000000000e+00,0.000000000000000000e+00,0.000000000000000000e+00,0.000000000000000000e+00,7.458049654960632324e-01,0.000000000000000000e+00,7.943668365478515625e-01,1.647370755672454834e-01,2.219190001487731934e-01,1.849382817745208740e-01,0.000000000000000000e+00,0.000000000000000000e+00,0.000000000000000000e+00,0.000000000000000000e+00,0.000000000000000000e+00,8.483099937438964844e-02,7.796023488044738770e-01,0.000000000000000000e+00,0.000000000000000000e+00,0.000000000000000000e+00,6.497477889060974121e-01,0.000000000000000000e+00,0.000000000000000000e+00,0.000000000000000000e+00,0.000000000000000000e+00,5.758217573165893555e-01,0.000000000000000000e+00,0.000000000000000000e+00,4.357146099209785461e-03,3.713340759277343750e-01,0.000000000000000000e+00,0.000000000000000000e+00,0.000000000000000000e+00,3.211336433887481689e-01,0.000000000000000000e+00,0.000000000000000000e+00,0.000000000000000000e+00,0.000000000000000000e+00,0.000000000000000000e+00,1.563693881034851074e-01,3.465448021888732910e-01,0.000000000000000000e+00,7.093741297721862793e-01,3.735538423061370850e-01,1.660858392715454102e-01,2.679444849491119385e-02,0.000000000000000000e+00,0.000000000000000000e+00,2.025790214538574219e-01,1.584598541259765625e+00,6.769554615020751953e-01,2.245756685733795166e-01,8.602569997310638428e-02,4.537387937307357788e-02,0.000000000000000000e+00
1.364349424839019775e-01,1.643647998571395874e-01,0.000000000000000000e+00,5.331285595893859863e-01,0.000000000000000000e+00,0.000000000000000000e+00,3.277538716793060303e-01,7.793887853622436523e-01,0.000000000000000000e+00,1.937804520130157471e-01,3.310089707374572754e-01,1.329083181917667389e-02,0.000000000000000000e+00,0.000000000000000000e+00,5.409196615219116211e-01,5.375319719314575195e-01,3.463921248912811279e-01,5.171532928943634033e-02,2.830731272697448730e-01,0.000000000000000000e+00,1.801645755767822266e-01,1.138865947723388672e+00,0.000000000000000000e+00,8.164870738983154297e-01,7.398520708084106445e-01,2.861804962158203125e+00,0.000000000000000000e+00,0.000000000000000000e+00,4.248850643634796143e-01,0.000000000000000000e+00,0.000000000000000000e+00,0.000000000000000000e+00,0.000000000000000000e+00,1.283912420272827148e+00,0.000000000000000000e+00,2.977384254336357117e-02,0.000000000000000000e+00,6.150377914309501648e-03,1.412750408053398132e-02,1.671098023653030396e-01,0.000000000000000000e+00,1.930678188800811768e-01,0.000000000000000000e+00,0.000000000000000000e+00,0.000000000000000000e+00,1.189294643700122833e-02,8.704930543899536133e-02,4.781988561153411865e-01,0.000000000000000000e+00,5.991919040679931641e-01,4.898965358734130859e-01,8.495395183563232422e-01,3.542872667312622070e-01,0.000000000000000000e+00,0.000000000000000000e+00,3.723787516355514526e-02,0.000000000000000000e+00,3.193918466567993164e-01,1.121210932731628418e+00,1.294093132019042969e-01,0.000000000000000000e+00,3.439767360687255859e-01,2.430343031883239746e-01,1.263448357582092285e+00,0.000000000000000000e+00,4.105056822299957275e-01,1.465858370065689087e-01,2.383490279316902161e-02,0.000000000000000000e+00,0.000000000000000000e+00,5.840849876403808594e-01,1.106304407119750977e+00,2.198756188154220581e-01,0.000000000000000000e+00,0.000000000000000000e+00,0.000000000000000000e+00,0.000000000000000000e+00,8.115063905715942383e-01,0.000000000000000000e+00,5.032393336296081543e-01,2.105432599782943726e-01,3.046414852142333984e-01,5.386464595794677734e-01,8.114824071526527405e-03,0.000000000000000000e+00,0.000000000000000000e+00,0.000000000000000000e+00,0.000000000000000000e+00,2.615424618124961853e-02,9.336882233619689941e-01,0.000000000000000000e+00,0.000000000000000000e+00,0.000000000000000000e+00,1.310786962509155273e+00,9.258569031953811646e-02,0.000000000000000000e+00,0.000000000000000000e+00,3.155552148818969727e-01,6.755536794662475586e-01,5.521434359252452850e-04,5.468118563294410706e-02,1.113455057144165039e+00,0.000000000000000000e+00,0.000000000000000000e+00,0.000000000000000000e+00,0.000000000000000000e+00,3.769311588257551193e-03,0.000000000000000000e+00,0.000000000000000000e+00,0.000000000000000000e+00,4.084065929055213928e-02,0.000000000000000000e+00,7.361044883728027344e-01,5.498334765434265137e-01,0.000000000000000000e+00,9.793316125869750977e-01,7.689864039421081543e-01,9.645991325378417969e-01,1.002689242362976074e+00,0.000000000000000000e+00,0.000000000000000000e+00,7.632678747177124023e-01,1.627301573753356934e+00,1.121353656053543091e-01,2.818992137908935547e-01,3.763506561517715454e-02,0.000000000000000000e+00,0.000000000000000000e+00
2.139750570058822632e-01,5.337246656417846680e-01,0.000000000000000000e+00,6.213673204183578491e-02,4.797557294368743896e-01,0.000000000000000000e+00,1.453410685062408447e-01,4.026371836662292480e-01,0.000000000000000000e+00,4.751853942871093750e-01,1.855004020035266876e-02,0.000000000000000000e+00,2.182759195566177368e-01,0.000000000000000000e+00,1.490089595317840576e-01,3.099521696567535400e-01,5.188184976577758789e-01,7.997764647006988525e-02,2.276626676321029663e-01,0.000000000000000000e+00,1.785458177328109741e-01,7.567768096923828125e-01,0.000000000000000000e+00,7.211202979087829590e-01,6.516054868698120117e-01,3.003612518310546875e+00,0.000000000000000000e+00,0.000000000000000000e+00,1.669980883598327637e-01,0.000000000000000000e+00,1.181080490350723267e-01,5.201196298003196716e-02,0.000000000000000000e+00,3.064798414707183838e-01,0.000000000000000000e+00,3.363811373710632324e-01,3.761388659477233887e-01,8.912568911910057068e-03,2.253786474466323853e-01,1.459365338087081909e-01,0.000000000000000000e+00,0.000000000000000000e+00,0.000000000000000000e+00,4.581404104828834534e-02,0.000000000000000000e+00,0.000000000000000000e+00,1.044457554817199707e-01,2.053562551736831665e-01,0.000000000000000000e+00,1.839927434921264648e-01,5.007363855838775635e-02,3.989912569522857666e-01,1.062609314918518066e+00,0.000000000000000000e+00,0.000000000000000000e+00,3.518734574317932129e-01,0.000000000000000000e+00,5.354501008987426758e-01,8.864654898643493652e-01,2.344686239957809448e-01,3.123739734292030334e-02,3.157942369580268860e-02,3.045278228819370270e-02,7.314699888229370117e-01,0.000000000000000000e+00,4.093153774738311768e-01,0.000000000000000000e+00,1.002001389861106873e-01,0.000000000000000000e+00,4.249589145183563232e-02,8.795145899057388306e-03,4.764434397220611572e-01,2.001376450061798096e-02,0.000000000000000000e+00,0.000000000000000000e+00,5.850024148821830750e-02,9.979784488677978516e-03,7.121268510818481445e-01,0.000000000000000000e+00,1.092922016978263855e-01,4.082162864506244659e-03,8.372858166694641113e-02,3.659954667091369629e-01,0.000000000000000000e+00,0.000000000000000000e+00,0.000000000000000000e+00,0.000000000000000000e+00,0.000000000000000000e+00,0.000000000000000000e+00,7.993288636207580566e-01,6.937101483345031738e-03,0.000000000000000000e+00,0.000000000000000000e+00,8.390710353851318359e-01,1.609269827604293823e-01,0.000000000000000000e+00,1.608385704457759857e-02,1.236356794834136963e-01,5.127092599868774414e-01,3.662093356251716614e-02,0.000000000000000000e+00,4.361650049686431885e-01,2.293517142534255981e-01,0.000000000000000000e+00,0.000000000000000000e+00,0.000000000000000000e+00,0.000000000000000000e+00,0.000000000000000000e+00,0.000000000000000000e+00,1.085404306650161743e-01,4.090681970119476318e-01,0.000000000000000000e+00,1.421290487051010132e-01,4.360648393630981445e-01,0.000000000000000000e+00,8.103172183036804199e-01,2.711404860019683838e-01,2.657813429832458496e-01,3.670611083507537842e-01,0.000000000000000000e+00,2.421491034328937531e-02,3.608059883117675781e-01,1.671790122985839844e+00,3.277567028999328613e-01,5.420903563499450684e-01,5.279668141156435013e-03,0.000000000000000000e+00,0.000000000000000000e+00
2.059493958950042725e-01,1.958955079317092896e-01,0.000000000000000000e+00,2.867312356829643250e-02,2.133817672729492188e-01,0.000000000000000000e+00,2.299423515796661377e-01,3.983595371246337891e-01,0.000000000000000000e+00,1.813824176788330078e-01,8.057914674282073975e-02,0.000000000000000000e+00,4.089456051588058472e-02,0.000000000000000000e+00,2.886872589588165283e-01,1.522520482540130615e-01,6.694532036781311035e-01,0.000000000000000000e+00,1.133950799703598022e-01,0.000000000000000000e+00,2.581824064254760742e-01,5.349094867706298828e-01,0.000000000000000000e+00,6.605709791183471680e-01,5.076141357421875000e-01,2.701413154602050781e+00,0.000000000000000000e+00,0.000000000000000000e+00,2.011851668357849121e-01,0.000000000000000000e+00,0.000000000000000000e+00,0.000000000000000000e+00,0.000000000000000000e+00,6.015294790267944336e-01,0.000000000000000000e+00,7.135009020566940308e-02,4.365276694297790527e-01,0.000000000000000000e+00,1.609220802783966064e-01,0.000000000000000000e+00,0.000000000000000000e+00,2.396880388259887695e-01,0.000000000000000000e+00,0.000000000000000000e+00,0.000000000000000000e+00,0.000000000000000000e+00,7.994230836629867554e-02,5.947169065475463867e-01,0.000000000000000000e+00,2.319351434707641602e-01,1.701879501342773438e-01,3.813508152961730957e-01,1.428324341773986816e+00,0.000000000000000000e+00,0.000000000000000000e+00,5.897904932498931885e-02,0.000000000000000000e+00,3.625532388687133789e-01,1.091750502586364746e+00,3.149756491184234619e-01,0.000000000000000000e+00,1.258709467947483063e-03,6.805633008480072021e-02,6.175072193145751953e-01,0.000000000000000000e+00,2.422548830509185791e-01,0.000000000000000000e+00,0.000000000000000000e+00,0.000000000000000000e+00,0.000000000000000000e+00,0.000000000000000000e+00,6.654638648033142090e-01,9.118685871362686157e-02,0.000000000000000000e+00,0.000000000000000000e+00,0.000000000000000000e+00,2.852910198271274567e-03,1.026198387145996094e+00,0.000000000000000000e+00,1.216011792421340942e-01,1.499025523662567139e-01,9.759655222296714783e-04,2.807021141052246094e-01,8.552768081426620483e-02,0.000000000000000000e+00,0.000000000000000000e+00,0.000000000000000000e+00,0.000000000000000000e+00,0.000000000000000000e+00,1.236210227012634277e+00,1.115610972046852112e-01,0.000000000000000000e+00,0.000000000000000000e+00,9.823319315910339355e-01,1.606779694557189941e-01,0.000000000000000000e+00,0.000000000000000000e+00,0.000000000000000000e+00,3.583995401859283447e-01,0.000000000000000000e+00,0.000000000000000000e+00,1.028524279594421387e+00,1.281243413686752319e-01,0.000000000000000000e+00,0.000000000000000000e+00,0.000000000000000000e+00,3.422546014189720154e-02,0.000000000000000000e+00,0.000000000000000000e+00,1.790150254964828491e-02,2.271105349063873291e-02,0.000000000000000000e+00,4.066044688224792480e-01,4.347120821475982666e-01,0.000000000000000000e+00,1.251752972602844238e+00,3.940483033657073975e-01,1.432966291904449463e-01,2.702633738517761230e-01,0.000000000000000000e+00,0.000000000000000000e+00,4.226577579975128174e-01,1.373549461364746094e+00,2.458700835704803467e-01,3.378908932209014893e-01,1.554420590400695801e-02,0.000000000000000000e+00,0.000000000000000000e+00
0.000000000000000000e+00,7.696418762207031250e-01,0.000000000000000000e+00,2.615449391305446625e-02,1.130133390426635742e+00,0.000000000000000000e+00,2.163495719432830811e-01,3.434564918279647827e-02,0.000000000000000000e+00,2.197686396539211273e-02,0.000000000000000000e+00,0.000000000000000000e+00,5.042563676834106445e-01,0.000000000000000000e+00,0.000000000000000000e+00,0.000000000000000000e+00,9.411751031875610352e-01,0.000000000000000000e+00,3.726199269294738770e-01,0.000000000000000000e+00,5.376089811325073242e-01,1.421875357627868652e-01,0.000000000000000000e+00,4.282123744487762451e-01,2.627103626728057861e-01,2.947229385375976562e+00,0.000000000000000000e+00,0.000000000000000000e+00,4.283444583415985107e-02,2.421954646706581116e-03,0.000000000000000000e+00,7.720927000045776367e-01,0.000000000000000000e+00,2.471248060464859009e-01,1.206595897674560547e-01,6.761574745178222656e-02,2.629385590553283691e-01,8.343566209077835083e-02,1.883668601512908936e-01,1.751465946435928345e-01,0.000000000000000000e+00,0.000000000000000000e+00,0.000000000000000000e+00,2.560380846261978149e-02,0.000000000000000000e+00,0.000000000000000000e+00,0.000000000000000000e+00,6.292876601219177246e-02,0.000000000000000000e+00,3.806346058845520020e-01,1.389869749546051025e-01,7.741093635559082031e-03,5.938066244125366211e-01,1.917935609817504883e-01,0.000000000000000000e+00,0.000000000000000000e+00,0.000000000000000000e+00,1.105521544814109802e-01,2.766613662242889404e-01,6.305304169654846191e-01,1.361926347017288208e-01,1.941490173339843750e-02,1.940879225730895996e-01,1.580414175987243652e-01,0.000000000000000000e+00,7.453253269195556641e-01,0.000000000000000000e+00,5.561619997024536133e-01,0.000000000000000000e+00,1.019654273986816406e+00,7.675442844629287720e-03,0.000000000000000000e+00,3.436014056205749512e-02,0.000000000000000000e+00,0.000000000000000000e+00,2.104254998266696930e-02,2.799932844936847687e-03,2.908781170845031738e-01,0.000000000000000000e+00,6.221524253487586975e-02,9.224348701536655426e-03,1.866713538765907288e-02,2.659530639648437500e-01,0.000000000000000000e+00,0.000000000000000000e+00,0.000000000000000000e+00,0.000000000000000000e+00,1.608370430767536163e-02,0.000000000000000000e+00,3.460211753845214844e-01,0.000000000000000000e+00,0.000000000000000000e+00,0.000000000000000000e+00,8.707168698310852051e-01,1.248400807380676270e+00,0.000000000000000000e+00,0.000000000000000000e+00,0.000000000000000000e+00,4.388592839241027832e-01,1.554440110921859741e-01,1.053768754005432129e+00,0.000000000000000000e+00,1.214631557464599609e+00,0.000000000000000000e+00,0.000000000000000000e+00,0.000000000000000000e+00,9.417641907930374146e-03,0.000000000000000000e+00,0.000000000000000000e+00,0.000000000000000000e+00,8.772782683372497559e-01,0.000000000000000000e+00,1.934419274330139160e-01,1.069978028535842896e-01,0.000000000000000000e+00,2.424213737249374390e-01,0.000000000000000000e+00,8.142790757119655609e-03,5.537594556808471680e-01,4.334501922130584717e-02,6.643631458282470703e-01,1.117968261241912842e-01,1.355767607688903809e+00,9.870799779891967773e-01,2.182884514331817627e-02,0.000000000000000000e+00,1.957203745841979980e-01,0.000000000000000000e+00
8.924046754837036133e-01,4.748706817626953125e-01,0.000000000000000000e+00,0.000000000000000000e+00,4.806537330150604248e-01,0.000000000000000000e+00,1.346901357173919678e-01,4.986358284950256348e-01,0.000000000000000000e+00,6.310507059097290039e-01,4.247088730335235596e-02,2.088104337453842163e-01,2.644847631454467773e-01,0.000000000000000000e+00,3.105895519256591797e-01,0.000000000000000000e+00,3.709075748920440674e-01,2.596112489700317383e-01,2.514009177684783936e-01,0.000000000000000000e+00,8.605254441499710083e-02,0.000000000000000000e+00,0.000000000000000000e+00,3.385072946548461914e-01,3.193881511688232422e-01,3.032896518707275391e+00,0.000000000000000000e+00,0.000000000000000000e+00,0.000000000000000000e+00,0.000000000000000000e+00,1.447505354881286621e-01,4.776622168719768524e-03,0.000000000000000000e+00,9.806428849697113037e-02,4.887755587697029114e-02,1.410793215036392212e-01,1.755958981812000275e-02,9.759049862623214722e-02,6.204932928085327148e-02,4.621894657611846924e-02,0.000000000000000000e+00,5.603277683258056641e-01,0.000000000000000000e+00,9.790772199630737305e-02,0.000000000000000000e+00,5.624172464013099670e-02,6.343576908111572266e-01,2.913490831851959229e-01,0.000000000000000000e+00,2.606682777404785156e-01,2.228764891624450684e-01,2.619422078132629395e-01,3.391029834747314453e-01,0.000000000000000000e+00,0.000000000000000000e+00,1.107157319784164429e-01,0.000000000000000000e+00,1.034420356154441833e-01,3.419185280799865723e-01,8.415300846099853516e-01,8.723139762878417969e-02,0.000000000000000000e+00,1.141616329550743103e-01,1.871473714709281921e-02,0.000000000000000000e+00,8.548967838287353516e-01,0.000000000000000000e+00,5.318911671638488770e-01,0.000000000000000000e+00,8.219281584024429321e-02,0.000000000000000000e+00,2.867406010627746582e-01,4.405579343438148499e-02,0.000000000000000000e+00,0.000000000000000000e+00,5.093887448310852051e-02,9.616062976419925690e-03,6.295061707496643066e-01,0.000000000000000000e+00,3.805308416485786438e-02,7.719446718692779541e-02,1.782068610191345215e-02,1.782486736774444580e-01,0.000000000000000000e+00,0.000000000000000000e+00,0.000000000000000000e+00,0.000000000000000000e+00,0.000000000000000000e+00,0.000000000000000000e+00,7.014758586883544922e-01,0.000000000000000000e+00,0.000000000000000000e+00,0.000000000000000000e+00,3.591123521327972412e-01,1.856683753430843353e-03,0.000000000000000000e+00,3.137570619583129883e-01,2.509300597012042999e-02,4.553506970405578613e-01,1.321092694997787476e-01,0.000000000000000000e+00,2.260486483573913574e-01,4.294650256633758545e-01,0.000000000000000000e+00,0.000000000000000000e+00,0.000000000000000000e+00,0.000000000000000000e+00,0.000000000000000000e+00,0.000000000000000000e+00,0.000000000000000000e+00,5.926270484924316406e-01,0.000000000000000000e+00,6.210914626717567444e-02,1.943164616823196411e-01,0.000000000000000000e+00,6.886785030364990234e-01,9.209902957081794739e-03,3.457900881767272949e-01,0.000000000000000000e+00,0.000000000000000000e+00,1.315020173788070679e-01,1.128168582916259766e+00,1.788719177246093750e+00,2.581945657730102539e-01,8.567973971366882324e-02,5.359600484371185303e-02,9.712949395179748535e-02,0.000000000000000000e+00
3.608465790748596191e-01,9.162847697734832764e-02,0.000000000000000000e+00,2.707233428955078125e-01,0.000000000000000000e+00,0.000000000000000000e+00,6.267297863960266113e-01,8.544589281082153320e-01,0.000000000000000000e+00,3.033294975757598877e-01,5.091499090194702148e-01,3.450814634561538696e-02,0.000000000000000000e+00,0.000000000000000000e+00,1.005719080567359924e-01,2.777009308338165283e-01,1.300941854715347290e-01,0.000000000000000000e+00,4.534594118595123291e-01,0.000000000000000000e+00,2.996193170547485352e-01,4.782793223857879639e-01,0.000000000000000000e+00,4.962484538555145264e-01,4.707255363464355469e-01,3.065570592880249023e+00,0.000000000000000000e+00,0.000000000000000000e+00,2.593271136283874512e-01,1.009160876274108887e-01,8.230708539485931396e-02,0.000000000000000000e+00,0.000000000000000000e+00,5.120185017585754395e-01,2.033667564392089844e-01,1.453663110733032227e-01,0.000000000000000000e+00,2.972587347030639648e-01,1.092570424079895020e-01,0.000000000000000000e+00,0.000000000000000000e+00,1.558425128459930420e-01,0.000000000000000000e+00,1.090350598096847534e-01,0.000000000000000000e+00,5.306229591369628906e-01,0.000000000000000000e+00,8.339331150054931641e-01,0.000000000000000000e+00,7.166154384613037109e-01,6.067452430725097656e-01,3.443586230278015137e-01,2.058240920305252075e-01,2.737262547016143799e-01,0.000000000000000000e+00,0.000000000000000000e+00,6.826411187648773193e-02,1.175196409225463867e+00,6.359474658966064453e-01,8.204535245895385742e-01,0.000000000000000000e+00,2.404384911060333252e-01,4.485528171062469482e-01,3.489083945751190186e-01,0.000000000000000000e+00,5.458890199661254883e-01,1.259860694408416748e-01,4.816522598266601562e-01,0.000000000000000000e+00,0.000000000000000000e+00,8.646507263183593750e-01,6.202607750892639160e-01,4.801930114626884460e-02,0.000000000000000000e+00,0.000000000000000000e+00,8.993464708328247070e-02,8.131966926157474518e-03,6.613184213638305664e-01,0.000000000000000000e+00,4.481354951858520508e-01,2.042638361454010010e-01,4.997448921203613281e-01,2.893638014793395996e-01,3.597864508628845215e-02,0.000000000000000000e+00,0.000000000000000000e+00,0.000000000000000000e+00,5.104982852935791016e-01,3.240419924259185791e-01,7.225020527839660645e-01,3.562758862972259521e-02,0.000000000000000000e+00,0.000000000000000000e+00,9.517190456390380859e-01,0.000000000000000000e+00,0.000000000000000000e+00,0.000000000000000000e+00,1.905272156000137329e-01,5.839046239852905273e-01,4.765111207962036133e-02,0.000000000000000000e+00,1.070733547210693359e+00,7.513593137264251709e-02,0.000000000000000000e+00,0.000000000000000000e+00,0.000000000000000000e+00,6.013402938842773438e-01,0.000000000000000000e+00,0.000000000000000000e+00,0.000000000000000000e+00,3.592470288276672363e-02,0.000000000000000000e+00,1.423012763261795044e-01,1.549605280160903931e-01,0.000000000000000000e+00,7.295832633972167969e-01,3.383896648883819580e-01,6.113045215606689453e-01,6.120788455009460449e-01,2.510225772857666016e-01,0.000000000000000000e+00,5.547431707382202148e-01,1.790752172470092773e+00,0.000000000000000000e+00,5.210371613502502441e-01,1.698078513145446777e-01,2.072339057922363281e-01,0.000000000000000000e+00
3.331671282649040222e-02,1.026605367660522461e+00,0.000000000000000000e+00,8.512255549430847168e-02,1.552307903766632080e-01,0.000000000000000000e+00,5.008767247200012207e-01,1.096811704337596893e-02,0.000000000000000000e+00,4.741870611906051636e-02,2.353913336992263794e-02,0.000000000000000000e+00,0.000000000000000000e+00,0.000000000000000000e+00,1.352374851703643799e-01,2.560592629015445709e-02,1.039409160614013672e+00,2.778099179267883301e-01,7.378765940666198730e-01,0.000000000000000000e+00,4.201484918594360352e-01,3.674043342471122742e-02,0.000000000000000000e+00,1.292640447616577148e+00,9.646616578102111816e-01,3.745232105255126953e+00,0.000000000000000000e+00,0.000000000000000000e+00,1.518338918685913086e-03,0.000000000000000000e+00,1.724697351455688477e-01,2.972725033760070801e-01,0.000000000000000000e+00,5.305236205458641052e-02,0.000000000000000000e+00,6.523815542459487915e-02,0.000000000000000000e+00,1.319502890110015869e-01,0.000000000000000000e+00,1.498557925224304199e-01,0.000000000000000000e+00,9.133461117744445801e-02,0.000000000000000000e+00,0.000000000000000000e+00,0.000000000000000000e+00,1.417193412780761719e-01,4.727318882942199707e-02,1.199463605880737305e-01,0.000000000000000000e+00,7.025904059410095215e-01,3.216155618429183960e-02,5.435971915721893311e-02,1.845771312713623047e+00,1.556211262941360474e-01,0.000000000000000000e+00,8.202583342790603638e-02,0.000000000000000000e+00,4.281830489635467529e-01,1.074154138565063477e+00,4.512601792812347412e-01,2.040035426616668701e-01,0.000000000000000000e+00,6.128130555152893066e-01,1.810837090015411377e-01,0.000000000000000000e+00,7.129883766174316406e-01,4.700193554162979126e-02,2.895690798759460449e-01,0.000000000000000000e+00,9.447637200355529785e-02,1.118425726890563965e-01,7.332979142665863037e-02,0.000000000000000000e+00,0.000000000000000000e+00,0.000000000000000000e+00,2.330254465341567993e-01,4.718675278127193451e-03,3.871271312236785889e-01,0.000000000000000000e+00,2.646197378635406494e-01,4.846625030040740967e-02,0.000000000000000000e+00,5.973379015922546387e-01,0.000000000000000000e+00,0.000000000000000000e+00,0.000000000000000000e+00,0.000000000000000000e+00,1.542398631572723389e-01,6.472273916006088257e-02,2.858772277832031250e-01,1.038528233766555786e-01,0.000000000000000000e+00,0.000000000000000000e+00,1.146155714988708496e+00,1.003673076629638672e+00,0.000000000000000000e+00,8.732821792364120483e-02,2.082341462373733521e-01,1.267389416694641113e+00,0.000000000000000000e+00,2.004980146884918213e-01,1.130922436714172363e-01,5.884159803390502930e-01,0.000000000000000000e+00,0.000000000000000000e+00,0.000000000000000000e+00,1.032336503267288208e-01,0.000000000000000000e+00,0.000000000000000000e+00,0.000000000000000000e+00,4.149914160370826721e-02,0.000000000000000000e+00,3.242261111736297607e-01,6.556909680366516113e-01,0.000000000000000000e+00,3.077285289764404297e-01,3.178604245185852051e-01,9.275276064872741699e-01,4.420324563980102539e-01,3.912679553031921387e-01,3.528371453285217285e-01,6.707368493080139160e-01,2.703282117843627930e+00,7.913873195648193359e-01,6.282937526702880859e-02,1.606181859970092773e-01,0.000000000000000000e+00,0.000000000000000000e+00
4.677105844020843506e-01,5.197086930274963379e-01,0.000000000000000000e+00,7.558646053075790405e-02,0.000000000000000000e+00,0.000000000000000000e+00,4.980899095535278320e-01,1.139646649360656738e+00,0.000000000000000000e+00,9.078040122985839844e-01,2.679231017827987671e-02,0.000000000000000000e+00,0.000000000000000000e+00,0.000000000000000000e+00,4.322776496410369873e-01,2.370617166161537170e-02,2.962215840816497803e-01,2.949064970016479492e-01,3.288519680500030518e-01,0.000000000000000000e+00,3.428187072277069092e-01,1.602743864059448242e+00,0.000000000000000000e+00,2.225888967514038086e-01,4.236679971218109131e-01,2.288211345672607422e+00,0.000000000000000000e+00,0.000000000000000000e+00,0.000000000000000000e+00,0.000000000000000000e+00,0.000000000000000000e+00,1.064790934324264526e-01,0.000000000000000000e+00,8.382375836372375488e-01,0.000000000000000000e+00,3.717868328094482422e-01,0.000000000000000000e+00,1.261013448238372803e-01,1.341891884803771973e-01,9.514836668968200684e-01,0.000000000000000000e+00,8.785104751586914062e-01,0.000000000000000000e+00,0.000000000000000000e+00,0.000000000000000000e+00,4.532206803560256958e-02,0.000000000000000000e+00,4.910442531108856201e-01,0.000000000000000000e+00,2.376859337091445923e-01,1.931691169738769531e-01,1.276788949966430664e+00,7.800227403640747070e-02,0.000000000000000000e+00,0.000000000000000000e+00,4.427479952573776245e-02,0.000000000000000000e+00,6.645882725715637207e-01,6.776476502418518066e-01,1.017446398735046387e+00,8.041568100452423096e-02,7.505010068416595459e-02,7.525813579559326172e-02,4.976155161857604980e-01,0.000000000000000000e+00,1.286351084709167480e+00,2.038038335740566254e-03,2.445427700877189636e-02,0.000000000000000000e+00,1.172915399074554443e-01,2.870121300220489502e-01,5.439988970756530762e-01,8.565048687160015106e-03,0.000000000000000000e+00,0.000000000000000000e+00,0.000000000000000000e+00,0.000000000000000000e+00,6.239424943923950195e-01,0.000000000000000000e+00,9.031207561492919922e-01,2.799040079116821289e-02,6.763292551040649414e-01,5.110749602317810059e-01,0.000000000000000000e+00,0.000000000000000000e+00,0.000000000000000000e+00,0.000000000000000000e+00,2.826106734573841095e-02,0.000000000000000000e+00,7.618803977966308594e-01,0.000000000000000000e+00,0.000000000000000000e+00,0.000000000000000000e+00,9.446730613708496094e-01,1.707589812576770782e-02,0.000000000000000000e+00,0.000000000000000000e+00,5.301486253738403320e-01,2.860407829284667969e-01,0.000000000000000000e+00,6.033365428447723389e-02,5.414600968360900879e-01,2.270744740962982178e-01,0.000000000000000000e+00,0.000000000000000000e+00,0.000000000000000000e+00,1.751174181699752808e-01,0.000000000000000000e+00,0.000000000000000000e+00,0.000000000000000000e+00,4.167340993881225586e-01,0.000000000000000000e+00,4.067405462265014648e-01,7.390213608741760254e-01,0.000000000000000000e+00,7.773275375366210938e-01,7.416258454322814941e-01,8.795195221900939941e-01,3.109253644943237305e-01,0.000000000000000000e+00,0.000000000000000000e+00,1.057489275932312012e+00,1.247002840042114258e+00,1.649066060781478882e-02,7.124490141868591309e-01,4.052748531103134155e-02,0.000000000000000000e+00,0.000000000000000000e+00
9.107927978038787842e-02,3.726534545421600342e-01,0.000000000000000000e+00,9.755392558872699738e-03,2.601507306098937988e-01,0.000000000000000000e+00,2.070981562137603760e-01,4.187815785408020020e-01,0.000000000000000000e+00,6.460653990507125854e-02,1.059117689728736877e-01,0.000000000000000000e+00,4.395442456007003784e-02,0.000000000000000000e+00,2.452225238084793091e-01,2.355148941278457642e-01,2.853432893753051758e-01,0.000000000000000000e+00,2.539443969726562500e-01,0.000000000000000000e+00,2.607968747615814209e-01,3.099879622459411621e-01,0.000000000000000000e+00,7.223027944564819336e-01,9.758238792419433594e-01,3.064353942871093750e+00,0.000000000000000000e+00,0.000000000000000000e+00,1.265211999416351318e-01,0.000000000000000000e+00,3.128954023122787476e-02,0.000000000000000000e+00,0.000000000000000000e+00,1.817981600761413574e-01,0.000000000000000000e+00,2.043689042329788208e-01,1.366248130798339844e-01,0.000000000000000000e+00,4.890477284789085388e-02,3.446482587605714798e-03,0.000000000000000000e+00,8.814559131860733032e-02,0.000000000000000000e+00,0.000000000000000000e+00,0.000000000000000000e+00,5.127968732267618179e-03,3.325319290161132812e-02,3.279761970043182373e-01,0.000000000000000000e+00,6.699832677841186523e-01,8.143066614866256714e-02,2.433518320322036743e-01,5.397465229034423828e-01,0.000000000000000000e+00,0.000000000000000000e+00,0.000000000000000000e+00,2.286091260612010956e-02,1.348762810230255127e-01,1.208046913146972656e+00,6.075922250747680664e-01,0.000000000000000000e+00,2.280216068029403687e-01,1.630947291851043701e-01,5.284121036529541016e-01,0.000000000000000000e+00,7.917212843894958496e-01,0.000000000000000000e+00,1.398285627365112305e-01,0.000000000000000000e+00,0.000000000000000000e+00,4.567095041275024414e-01,3.296307325363159180e-01,9.413218498229980469e-02,0.000000000000000000e+00,0.000000000000000000e+00,7.059617433696985245e-03,0.000000000000000000e+00,1.336679697036743164e+00,0.000000000000000000e+00,5.297208428382873535e-01,1.149854138493537903e-01,1.685725525021553040e-02,5.107093453407287598e-01,0.000000000000000000e+00,0.000000000000000000e+00,0.000000000000000000e+00,0.000000000000000000e+00,4.456322640180587769e-02,0.000000000000000000e+00,9.307500720024108887e-01,0.000000000000000000e+00,0.000000000000000000e+00,0.000000000000000000e+00,8.861996531486511230e-01,4.015472158789634705e-02,0.000000000000000000e+00,3.061163425445556641e-02,2.196854725480079651e-02,5.434023737907409668e-01,0.000000000000000000e+00,1.192390844225883484e-01,5.637989044189453125e-01,5.708755925297737122e-03,0.000000000000000000e+00,0.000000000000000000e+00,0.000000000000000000e+00,4.008613899350166321e-02,0.000000000000000000e+00,0.000000000000000000e+00,0.000000000000000000e+00,1.338182091712951660e-01,0.000000000000000000e+00,4.067691564559936523e-01,5.077862739562988281e-01,0.000000000000000000e+00,8.728517293930053711e-01,2.627072930335998535e-01,4.255412817001342773e-01,3.170903623104095459e-01,0.000000000000000000e+00,0.000000000000000000e+00,6.424102783203125000e-01,1.647720694541931152e+00,1.213521659374237061e-01,6.736580133438110352e-01,2.531172335147857666e-02,0.000000000000000000e+00,0.000000000000000000e+00
2.354124374687671661e-02,5.600612163543701172e-01,0.000000000000000000e+00,1.680727489292621613e-02,4.708279669284820557e-01,0.000000000000000000e+00,2.079946100711822510e-01,4.774873256683349609e-01,0.000000000000000000e+00,3.223854601383209229e-01,1.611721701920032501e-02,0.000000000000000000e+00,2.084416151046752930e-01,0.000000000000000000e+00,4.592473208904266357e-01,6.613366305828094482e-02,3.809894025325775146e-01,4.709161072969436646e-02,2.653177380561828613e-01,0.000000000000000000e+00,2.469202727079391479e-01,6.244758367538452148e-01,0.000000000000000000e+00,6.069123148918151855e-01,8.344217538833618164e-01,3.027018070220947266e+00,0.000000000000000000e+00,0.000000000000000000e+00,0.000000000000000000e+00,0.000000000000000000e+00,8.958317339420318604e-03,0.000000000000000000e+00,0.000000000000000000e+00,5.757267475128173828e-01,0.000000000000000000e+00,4.612782001495361328e-01,1.198230236768722534e-01,0.000000000000000000e+00,7.106482982635498047e-02,2.048699557781219482e-01,0.000000000000000000e+00,1.317464709281921387e-01,0.000000000000000000e+00,0.000000000000000000e+00,0.000000000000000000e+00,4.593138117343187332e-03,0.000000000000000000e+00,1.224506497383117676e-01,0.000000000000000000e+00,2.354765385389328003e-01,2.298862487077713013e-02,4.134892821311950684e-01,3.756771981716156006e-01,0.000000000000000000e+00,0.000000000000000000e+00,7.573682069778442383e-02,0.000000000000000000e+00,6.616112589836120605e-01,9.337927699089050293e-01,7.760947346687316895e-01,0.000000000000000000e+00,1.992169022560119629e-02,1.002739276736974716e-02,3.444541990756988525e-01,0.000000000000000000e+00,5.308690071105957031e-01,0.000000000000000000e+00,0.000000000000000000e+00,0.000000000000000000e+00,0.000000000000000000e+00,1.597282886505126953e-01,7.331556081771850586e-01,1.704249531030654907e-02,0.000000000000000000e+00,0.000000000000000000e+00,1.740279793739318848e-01,0.000000000000000000e+00,6.795964241027832031e-01,0.000000000000000000e+00,1.403263807296752930e-01,0.000000000000000000e+00,6.058026105165481567e-02,5.086765289306640625e-01,0.000000000000000000e+00,0.000000000000000000e+00,0.000000000000000000e+00,0.000000000000000000e+00,0.000000000000000000e+00,5.926785990595817566e-03,8.034236431121826172e-01,0.000000000000000000e+00,0.000000000000000000e+00,0.000000000000000000e+00,7.256222367286682129e-01,0.000000000000000000e+00,0.000000000000000000e+00,0.000000000000000000e+00,2.717689052224159241e-02,6.727962493896484375e-01,0.000000000000000000e+00,0.000000000000000000e+00,6.737336516380310059e-01,2.487741112709045410e-01,0.000000000000000000e+00,0.000000000000000000e+00,0.000000000000000000e+00,0.000000000000000000e+00,0.000000000000000000e+00,0.000000000000000000e+00,0.000000000000000000e+00,5.425521135330200195e-01,0.000000000000000000e+00,5.253167152404785156e-01,5.865426659584045410e-01,0.000000000000000000e+00,7.963873744010925293e-01,5.974350571632385254e-01,2.538145780563354492e-01,1.038068756461143494e-01,0.000000000000000000e+00,0.000000000000000000e+00,3.505983352661132812e-01,1.824582457542419434e+00,1.892522573471069336e-01,8.017227053642272949e-01,7.988808676600456238e-03,0.000000000000000000e+00,0.000000000000000000e+00
3.382329270243644714e-02,5.075235366821289062e-01,0.000000000000000000e+00,3.631799668073654175e-02,1.525825262069702148e+00,0.000000000000000000e+00,3.300192654132843018e-01,1.827629059553146362e-01,0.000000000000000000e+00,3.762601613998413086e-01,0.000000000000000000e+00,0.000000000000000000e+00,1.450966000556945801e-01,0.000000000000000000e+00,0.000000000000000000e+00,0.000000000000000000e+00,1.299922466278076172e+00,9.887858293950557709e-03,2.644781470298767090e-01,0.000000000000000000e+00,4.922195374965667725e-01,1.951248645782470703e-01,0.000000000000000000e+00,3.629145324230194092e-01,3.771024346351623535e-01,3.118363857269287109e+00,0.000000000000000000e+00,0.000000000000000000e+00,2.243609726428985596e-02,1.022065803408622742e-02,8.850464969873428345e-02,2.950548231601715088e-01,0.000000000000000000e+00,3.449327349662780762e-01,3.930003941059112549e-02,1.160408277064561844e-02,2.251021862030029297e-01,1.056770794093608856e-02,9.587497264146804810e-02,3.607502579689025879e-02,0.000000000000000000e+00,0.000000000000000000e+00,0.000000000000000000e+00,0.000000000000000000e+00,0.000000000000000000e+00,0.000000000000000000e+00,5.366979166865348816e-04,1.517524868249893188e-01,0.000000000000000000e+00,2.301150262355804443e-01,2.831776812672615051e-02,2.395023964345455170e-02,6.573105454444885254e-01,0.000000000000000000e+00,0.000000000000000000e+00,0.000000000000000000e+00,0.000000000000000000e+00,4.567638337612152100e-01,3.324009776115417480e-01,3.478769361972808838e-01,1.322244256734848022e-01,7.406290620565414429e-03,4.681848883628845215e-01,2.694759964942932129e-01,0.000000000000000000e+00,4.020508229732513428e-01,0.000000000000000000e+00,9.492614865303039551e-02,0.000000000000000000e+00,3.888486027717590332e-01,1.345267295837402344e-01,3.088735938072204590e-01,4.786550067365169525e-03,0.000000000000000000e+00,0.000000000000000000e+00,0.000000000000000000e+00,3.535335659980773926e-01,3.098888099193572998e-01,0.000000000000000000e+00,2.790950238704681396e-02,0.000000000000000000e+00,8.023519068956375122e-02,2.726478576660156250e-01,0.000000000000000000e+00,0.000000000000000000e+00,0.000000000000000000e+00,0.000000000000000000e+00,0.000000000000000000e+00,0.000000000000000000e+00,3.702183961868286133e-01,0.000000000000000000e+00,0.000000000000000000e+00,0.000000000000000000e+00,5.679548978805541992e-01,2.323452383279800415e-01,0.000000000000000000e+00,0.000000000000000000e+00,0.000000000000000000e+00,3.901590108871459961e-01,1.827060431241989136e-02,2.010092139244079590e-01,1.210838332772254944e-01,9.958042502403259277e-01,0.000000000000000000e+00,0.000000000000000000e+00,0.000000000000000000e+00,0.000000000000000000e+00,0.000000000000000000e+00,0.000000000000000000e+00,0.000000000000000000e+00,1.641919612884521484e+00,0.000000000000000000e+00,6.332781910896301270e-02,2.166159451007843018e-02,0.000000000000000000e+00,2.987956404685974121e-01,5.091743171215057373e-02,1.992768645286560059e-01,1.480588130652904510e-02,0.000000000000000000e+00,1.505683176219463348e-03,4.002009034156799316e-01,1.538374423980712891e+00,7.890730500221252441e-01,1.164199784398078918e-01,0.000000000000000000e+00,3.410542756319046021e-02,0.000000000000000000e+00
0.000000000000000000e+00,6.896250844001770020e-01,0.000000000000000000e+00,7.802075147628784180e-02,7.488681077957153320e-01,0.000000000000000000e+00,9.275861084461212158e-02,0.000000000000000000e+00,0.000000000000000000e+00,4.043427109718322754e-01,0.000000000000000000e+00,0.000000000000000000e+00,3.250353932380676270e-01,0.000000000000000000e+00,0.000000000000000000e+00,1.440479885786771774e-02,1.475867629051208496e+00,0.000000000000000000e+00,6.774875521659851074e-02,0.000000000000000000e+00,2.586292624473571777e-01,1.243358999490737915e-01,0.000000000000000000e+00,1.235128492116928101e-01,4.222931861877441406e-01,2.690502882003784180e+00,0.000000000000000000e+00,0.000000000000000000e+00,0.000000000000000000e+00,0.000000000000000000e+00,0.000000000000000000e+00,1.162746772170066833e-01,0.000000000000000000e+00,4.863373562693595886e-02,1.659337244927883148e-02,8.548434078693389893e-02,2.820854485034942627e-01,0.000000000000000000e+00,1.010628864169120789e-01,6.231134384870529175e-02,0.000000000000000000e+00,0.000000000000000000e+00,0.000000000000000000e+00,0.000000000000000000e+00,0.000000000000000000e+00,0.000000000000000000e+00,0.000000000000000000e+00,2.919694781303405762e-01,0.000000000000000000e+00,5.832442641258239746e-01,0.000000000000000000e+00,5.290814861655235291e-02,1.145461678504943848e+00,1.275481879711151123e-01,0.000000000000000000e+00,9.870639070868492126e-03,0.000000000000000000e+00,6.565800309181213379e-01,3.837993741035461426e-01,3.530566692352294922e-01,1.706415042281150818e-02,0.000000000000000000e+00,1.818043291568756104e-01,6.345788389444351196e-02,0.000000000000000000e+00,3.162587285041809082e-01,0.000000000000000000e+00,0.000000000000000000e+00,0.000000000000000000e+00,6.628221273422241211e-01,1.018347963690757751e-01,9.288705885410308838e-03,7.040436379611492157e-03,0.000000000000000000e+00,0.000000000000000000e+00,7.124016433954238892e-02,0.000000000000000000e+00,3.466816246509552002e-01,0.000000000000000000e+00,2.042125724256038666e-02,0.000000000000000000e+00,0.000000000000000000e+00,1.296578347682952881e-01,0.000000000000000000e+00,0.000000000000000000e+00,0.000000000000000000e+00,0.000000000000000000e+00,0.000000000000000000e+00,7.095709443092346191e-04,6.297121047973632812e-01,7.003929466009140015e-02,0.000000000000000000e+00,0.000000000000000000e+00,5.862004160881042480e-01,5.322314426302909851e-02,0.000000000000000000e+00,0.000000000000000000e+00,0.000000000000000000e+00,2.663678303360939026e-02,0.000000000000000000e+00,5.320515483617782593e-02,0.000000000000000000e+00,6.466717123985290527e-01,0.000000000000000000e+00,0.000000000000000000e+00,0.000000000000000000e+00,0.000000000000000000e+00,0.000000000000000000e+00,0.000000000000000000e+00,0.000000000000000000e+00,7.627760171890258789e-01,0.000000000000000000e+00,3.420530818402767181e-03,0.000000000000000000e+00,0.000000000000000000e+00,5.988340973854064941e-01,1.486338488757610321e-02,2.422551810741424561e-01,5.334969758987426758e-01,0.000000000000000000e+00,1.143275722861289978e-01,1.021408736705780029e-01,1.239933013916015625e+00,1.421674609184265137e+00,3.954591602087020874e-02,5.995393265038728714e-03,9.905855357646942139e-02,0.000000000000000000e+00
7.687254995107650757e-02,4.844219684600830078e-01,0.000000000000000000e+00,0.000000000000000000e+00,4.039676785469055176e-01,0.000000000000000000e+00,3.623341321945190430e-01,0.000000000000000000e+00,0.000000000000000000e+00,8.402390480041503906e-01,0.000000000000000000e+00,0.000000000000000000e+00,3.928793668746948242e-01,0.000000000000000000e+00,0.000000000000000000e+00,0.000000000000000000e+00,1.831491947174072266e+00,8.502624183893203735e-02,2.679294645786285400e-01,0.000000000000000000e+00,3.314262032508850098e-01,0.000000000000000000e+00,0.000000000000000000e+00,1.983405053615570068e-01,2.859348356723785400e-01,2.437406301498413086e+00,0.000000000000000000e+00,0.000000000000000000e+00,0.000000000000000000e+00,3.480435907840728760e-02,0.000000000000000000e+00,0.000000000000000000e+00,0.000000000000000000e+00,3.536418825387954712e-02,3.365902900695800781e-01,1.497357934713363647e-01,5.423813462257385254e-01,1.449555531144142151e-02,4.357261210680007935e-02,0.000000000000000000e+00,0.000000000000000000e+00,0.000000000000000000e+00,0.000000000000000000e+00,6.245965138077735901e-02,0.000000000000000000e+00,0.000000000000000000e+00,0.000000000000000000e+00,7.798156142234802246e-02,0.000000000000000000e+00,4.432035386562347412e-01,0.000000000000000000e+00,0.000000000000000000e+00,1.838187456130981445e+00,0.000000000000000000e+00,0.000000000000000000e+00,1.047559306025505066e-01,0.000000000000000000e+00,6.059852838516235352e-01,5.961687564849853516e-01,7.901010513305664062e-01,1.016261503100395203e-01,0.000000000000000000e+00,3.649013936519622803e-01,0.000000000000000000e+00,0.000000000000000000e+00,3.286897838115692139e-01,0.000000000000000000e+00,1.599473506212234497e-02,0.000000000000000000e+00,6.068283319473266602e-01,1.055122464895248413e-01,0.000000000000000000e+00,0.000000000000000000e+00,0.000000000000000000e+00,0.000000000000000000e+00,1.064916793256998062e-02,1.176629811525344849e-01,3.234720528125762939e-01,0.000000000000000000e+00,9.264048933982849121e-02,0.000000000000000000e+00,0.000000000000000000e+00,3.169450163841247559e-01,3.945089876651763916e-02,0.000000000000000000e+00,0.000000000000000000e+00,0.000000000000000000e+00,0.000000000000000000e+00,0.000000000000000000e+00,5.872709751129150391e-01,2.697342820465564728e-02,0.000000000000000000e+00,0.000000000000000000e+00,4.171535074710845947e-01,0.000000000000000000e+00,0.000000000000000000e+00,0.000000000000000000e+00,1.132110785692930222e-02,1.526776999235153198e-01,3.024766780436038971e-02,0.000000000000000000e+00,4.936338216066360474e-02,5.390249490737915039e-01,0.000000000000000000e+00,0.000000000000000000e+00,0.000000000000000000e+00,0.000000000000000000e+00,0.000000000000000000e+00,0.000000000000000000e+00,0.000000000000000000e+00,1.689864099025726318e-01,0.000000000000000000e+00,0.000000000000000000e+00,0.000000000000000000e+00,0.000000000000000000e+00,4.940382838249206543e-01,2.946386486291885376e-02,2.269076853990554810e-01,1.676089167594909668e-01,9.857345372438430786e-03,0.000000000000000000e+00,2.821386456489562988e-01,1.407757759094238281e+00,1.819215059280395508e+00,0.000000000000000000e+00,2.590908203274011612e-03,2.947673201560974121e-03,0.000000000000000000e+00
0.000000000000000000e+00,1.058897495269775391e+00,0.000000000000000000e+00,4.159806668758392334e-02,5.385483503341674805e-01,0.000000000000000000e+00,3.878364264965057373e-01,7.603380084037780762e-02,0.000000000000000000e+00,0.000000000000000000e+00,1.161111146211624146e-01,2.026902697980403900e-02,1.149619370698928833e-01,0.000000000000000000e+00,7.189554721117019653e-02,8.768763393163681030e-03,3.898485898971557617e-01,3.594834357500076294e-02,6.000831127166748047e-01,0.000000000000000000e+00,6.816349029541015625e-01,2.615092694759368896e-01,0.000000000000000000e+00,7.773679494857788086e-01,7.041634917259216309e-01,2.947159051895141602e+00,0.000000000000000000e+00,0.000000000000000000e+00,1.718446314334869385e-01,0.000000000000000000e+00,2.062598913908004761e-01,2.345337271690368652e-01,0.000000000000000000e+00,1.655614972114562988e-01,0.000000000000000000e+00,8.382993936538696289e-02,2.523805499076843262e-01,2.199310660362243652e-01,2.158254683017730713e-01,9.819845110177993774e-02,0.000000000000000000e+00,4.775758087635040283e-02,0.000000000000000000e+00,0.000000000000000000e+00,0.000000000000000000e+00,7.435806095600128174e-02,1.153003424406051636e-02,4.009627923369407654e-02,0.000000000000000000e+00,3.949019312858581543e-01,8.172564208507537842e-02,2.076559811830520630e-01,1.101891756057739258e+00,2.048557996749877930e-01,0.000000000000000000e+00,1.434725672006607056e-01,0.000000000000000000e+00,3.612656891345977783e-01,1.109028935432434082e+00,5.733430385589599609e-01,1.286601722240447998e-01,8.698815852403640747e-02,3.434928953647613525e-01,4.241232275962829590e-01,0.000000000000000000e+00,9.027701020240783691e-01,2.960729971528053284e-02,4.358413219451904297e-01,0.000000000000000000e+00,1.198280416429042816e-02,1.708452031016349792e-02,9.415213018655776978e-02,2.677414938807487488e-02,0.000000000000000000e+00,0.000000000000000000e+00,1.711623072624206543e-01,8.801744319498538971e-03,7.948521375656127930e-01,0.000000000000000000e+00,1.899468749761581421e-01,5.370464548468589783e-02,2.896582782268524170e-01,6.516291499137878418e-01,0.000000000000000000e+00,0.000000000000000000e+00,0.000000000000000000e+00,0.000000000000000000e+00,6.886219233274459839e-02,1.176936253905296326e-01,2.522182464599609375e-01,8.567349612712860107e-02,0.000000000000000000e+00,0.000000000000000000e+00,1.014947295188903809e+00,1.151044130325317383e+00,0.000000000000000000e+00,1.612282730638980865e-02,9.864900261163711548e-03,6.787282228469848633e-01,0.000000000000000000e+00,3.691855967044830322e-01,9.881651401519775391e-02,2.712276279926300049e-01,0.000000000000000000e+00,0.000000000000000000e+00,0.000000000000000000e+00,0.000000000000000000e+00,0.000000000000000000e+00,0.000000000000000000e+00,0.000000000000000000e+00,2.872986495494842529e-01,0.000000000000000000e+00,2.692676186561584473e-01,2.119556963443756104e-01,0.000000000000000000e+00,2.631932795047760010e-01,1.277872771024703979e-01,6.561229825019836426e-01,3.736688792705535889e-01,1.201554387807846069e-01,3.141742646694183350e-01,4.539884924888610840e-01,1.821433305740356445e+00,8.526287078857421875e-01,3.333187401294708252e-01,3.158687055110931396e-01,3.864676505327224731e-02,0.000000000000000000e+00
6.176209449768066406e-01,2.014983594417572021e-01,0.000000000000000000e+00,2.683084309101104736e-01,4.935135841369628906e-01,0.000000000000000000e+00,1.942300498485565186e-01,1.201893091201782227e-01,0.000000000000000000e+00,3.337981104850769043e-01,2.870410680770874023e-01,2.786244750022888184e-01,7.147976756095886230e-02,0.000000000000000000e+00,3.486729264259338379e-01,1.422239392995834351e-01,4.513678252696990967e-01,2.341325134038925171e-01,2.482290565967559814e-01,0.000000000000000000e+00,1.933213770389556885e-01,3.658889979124069214e-02,0.000000000000000000e+00,1.840831786394119263e-01,3.077231645584106445e-01,2.843405723571777344e+00,0.000000000000000000e+00,0.000000000000000000e+00,3.222194910049438477e-01,3.699576854705810547e-02,2.381911873817443848e-01,0.000000000000000000e+00,0.000000000000000000e+00,3.441886603832244873e-01,0.000000000000000000e+00,5.536790490150451660e-01,5.420265346765518188e-02,6.571172922849655151e-02,9.121692776679992676e-01,1.005912423133850098e-01,0.000000000000000000e+00,2.767754197120666504e-01,0.000000000000000000e+00,2.881541848182678223e-02,0.000000000000000000e+00,4.772254079580307007e-02,5.926104187965393066e-01,1.952112615108489990e-01,0.000000000000000000e+00,9.887562394142150879e-01,2.158011645078659058e-01,2.501305937767028809e-01,3.325740098953247070e-01,0.000000000000000000e+00,0.000000000000000000e+00,7.292370796203613281e-01,1.618271507322788239e-02,2.004674077033996582e-01,3.427737057209014893e-01,4.653250277042388916e-01,0.000000000000000000e+00,1.022466868162155151e-01,7.027541100978851318e-02,4.300165772438049316e-01,0.000000000000000000e+00,4.233020544052124023e-01,0.000000000000000000e+00,2.978870868682861328e-01,0.000000000000000000e+00,2.977615594863891602e-02,3.324246406555175781e-01,4.683439731597900391e-01,3.123378753662109375e-01,0.000000000000000000e+00,0.000000000000000000e+00,1.675648428499698639e-02,5.482152476906776428e-02,1.152724981307983398e+00,0.000000000000000000e+00,4.673116281628608704e-02,3.482271432876586914e-01,1.807703636586666107e-03,1.483382880687713623e-01,1.220907270908355713e-02,0.000000000000000000e+00,0.000000000000000000e+00,0.000000000000000000e+00,0.000000000000000000e+00,1.054754182696342468e-01,5.679396986961364746e-01,0.000000000000000000e+00,0.000000000000000000e+00,0.000000000000000000e+00,1.414011359214782715e+00,6.450568791478872299e-03,0.000000000000000000e+00,5.309057235717773438e-01,2.491255477070808411e-02,3.053552806377410889e-01,1.031054258346557617e-01,0.000000000000000000e+00,4.773117303848266602e-01,5.154979415237903595e-03,0.000000000000000000e+00,0.000000000000000000e+00,0.000000000000000000e+00,8.425160497426986694e-02,0.000000000000000000e+00,0.000000000000000000e+00,2.412419170141220093e-01,4.417559802532196045e-01,0.000000000000000000e+00,4.892508089542388916e-01,1.352873146533966064e-01,0.000000000000000000e+00,5.220137238502502441e-01,2.098400741815567017e-01,5.116628408432006836e-01,0.000000000000000000e+00,0.000000000000000000e+00,0.000000000000000000e+00,7.512024044990539551e-01,1.971715450286865234e+00,2.956910990178585052e-03,1.728468015789985657e-02,3.009352087974548340e-01,0.000000000000000000e+00,0.000000000000000000e+00
3.594524562358856201e-01,4.277659058570861816e-01,0.000000000000000000e+00,2.198873832821846008e-02,2.738463282585144043e-01,0.000000000000000000e+00,1.832934319972991943e-01,0.000000000000000000e+00,0.000000000000000000e+00,2.557775974273681641e-01,1.248715221881866455e-01,0.000000000000000000e+00,7.804663181304931641e-01,0.000000000000000000e+00,0.000000000000000000e+00,0.000000000000000000e+00,1.935487687587738037e-01,1.508065015077590942e-01,3.788478374481201172e-01,0.000000000000000000e+00,6.203019022941589355e-01,1.475515775382518768e-02,0.000000000000000000e+00,1.208845451474189758e-01,4.918097555637359619e-01,2.935316085815429688e+00,0.000000000000000000e+00,0.000000000000000000e+00,6.344932317733764648e-02,0.000000000000000000e+00,1.752508878707885742e-01,1.913837492465972900e-01,0.000000000000000000e+00,2.377731502056121826e-01,0.000000000000000000e+00,5.754733681678771973e-01,2.018884569406509399e-01,6.475348472595214844e-01,2.144765555858612061e-01,2.370488941669464111e-01,0.000000000000000000e+00,0.000000000000000000e+00,0.000000000000000000e+00,3.200881779193878174e-01,0.000000000000000000e+00,1.084953695535659790e-01,2.757454812526702881e-01,1.111597269773483276e-01,0.000000000000000000e+00,1.234130859375000000e+00,1.990594528615474701e-02,1.080256253480911255e-01,2.337523400783538818e-01,3.476908206939697266e-01,0.000000000000000000e+00,1.797574162483215332e-01,0.000000000000000000e+00,5.768498182296752930e-01,5.278257131576538086e-01,7.902255654335021973e-01,1.518398523330688477e-01,4.779575765132904053e-01,2.496708929538726807e-02,0.000000000000000000e+00,0.000000000000000000e+00,8.829832077026367188e-01,0.000000000000000000e+00,1.665266603231430054e-01,0.000000000000000000e+00,1.898180693387985229e-01,4.534740447998046875e-01,5.825430154800415039e-02,0.000000000000000000e+00,0.000000000000000000e+00,0.000000000000000000e+00,2.165777832269668579e-01,1.873205974698066711e-02,4.908322393894195557e-01,0.000000000000000000e+00,4.102554321289062500e-01,0.000000000000000000e+00,4.778494313359260559e-02,4.618133902549743652e-01,0.000000000000000000e+00,0.000000000000000000e+00,0.000000000000000000e+00,0.000000000000000000e+00,3.312305808067321777e-01,1.360293477773666382e-03,8.764306306838989258e-01,0.000000000000000000e+00,0.000000000000000000e+00,0.000000000000000000e+00,4.744646549224853516e-01,5.664356052875518799e-02,0.000000000000000000e+00,5.882768426090478897e-03,4.807928949594497681e-02,3.004779219627380371e-01,6.745991706848144531e-01,1.236257553100585938e-01,3.893392384052276611e-01,8.025723695755004883e-02,0.000000000000000000e+00,0.000000000000000000e+00,0.000000000000000000e+00,0.000000000000000000e+00,0.000000000000000000e+00,0.000000000000000000e+00,4.579263739287853241e-03,2.683075368404388428e-01,0.000000000000000000e+00,3.401900641620159149e-03,0.000000000000000000e+00,0.000000000000000000e+00,6.293343305587768555e-01,8.559913933277130127e-02,5.436658859252929688e-01,1.268635243177413940e-01,4.064461216330528259e-03,9.300564229488372803e-02,7.218517661094665527e-01,1.688043713569641113e+00,1.098760485649108887e+00,1.517507582902908325e-01,7.542623579502105713e-02,2.580407261848449707e-01,0.000000000000000000e+00
9.164225310087203979e-02,8.443605899810791016e-01,0.000000000000000000e+00,1.139625161886215210e-02,1.858925819396972656e-01,0.000000000000000000e+00,4.094101786613464355e-01,1.196152269840240479e-01,0.000000000000000000e+00,9.302651286125183105e-01,2.176192030310630798e-02,0.000000000000000000e+00,3.323575854301452637e-01,0.000000000000000000e+00,1.182581931352615356e-01,3.934861626476049423e-03,1.253432035446166992e+00,2.478951960802078247e-01,3.240289688110351562e-01,0.000000000000000000e+00,4.053703248500823975e-01,3.361288607120513916e-01,0.000000000000000000e+00,2.093651592731475830e-01,4.514057338237762451e-01,2.905002593994140625e+00,0.000000000000000000e+00,0.000000000000000000e+00,0.000000000000000000e+00,0.000000000000000000e+00,0.000000000000000000e+00,0.000000000000000000e+00,0.000000000000000000e+00,1.542963981628417969e-01,0.000000000000000000e+00,1.440516952425241470e-02,5.239954590797424316e-01,6.432718783617019653e-02,3.073818795382976532e-02,0.000000000000000000e+00,0.000000000000000000e+00,2.727001719176769257e-02,0.000000000000000000e+00,1.030419021844863892e-01,0.000000000000000000e+00,0.000000000000000000e+00,0.000000000000000000e+00,9.403873980045318604e-02,0.000000000000000000e+00,2.229673787951469421e-02,0.000000000000000000e+00,1.265802532434463501e-01,1.565678000450134277e+00,6.511893868446350098e-02,0.000000000000000000e+00,3.593442961573600769e-02,0.000000000000000000e+00,6.513068675994873047e-01,9.525160193443298340e-01,9.127660989761352539e-01,8.259473368525505066e-03,0.000000000000000000e+00,1.302570253610610962e-01,2.442616224288940430e-01,0.000000000000000000e+00,5.055342912673950195e-01,0.000000000000000000e+00,3.305533900856971741e-02,0.000000000000000000e+00,3.349614143371582031e-01,6.693189591169357300e-02,6.668223440647125244e-02,1.535098534077405930e-02,0.000000000000000000e+00,0.000000000000000000e+00,3.975065797567367554e-02,0.000000000000000000e+00,8.907249569892883301e-01,0.000000000000000000e+00,3.267131373286247253e-02,1.620930805802345276e-02,0.000000000000000000e+00,3.482655882835388184e-01,0.000000000000000000e+00,0.000000000000000000e+00,0.000000000000000000e+00,0.000000000000000000e+00,0.000000000000000000e+00,0.000000000000000000e+00,5.942049622535705566e-01,6.829167902469635010e-02,0.000000000000000000e+00,0.000000000000000000e+00,1.119744777679443359e+00,3.254117965698242188e-01,0.000000000000000000e+00,3.711653128266334534e-02,6.718830764293670654e-02,1.898501813411712646e-01,0.000000000000000000e+00,3.389810025691986084e-02,4.649766534566879272e-02,1.126611590385437012e+00,0.000000000000000000e+00,0.000000000000000000e+00,0.000000000000000000e+00,0.000000000000000000e+00,0.000000000000000000e+00,0.000000000000000000e+00,0.000000000000000000e+00,5.925118923187255859e-01,0.000000000000000000e+00,5.247600376605987549e-02,1.455168724060058594e-01,0.000000000000000000e+00,5.548553466796875000e-01,1.018923893570899963e-01,1.659979820251464844e-01,5.344966053962707520e-01,0.000000000000000000e+00,0.000000000000000000e+00,1.211845576763153076e-01,1.508249044418334961e+00,1.013150095939636230e+00,9.221053868532180786e-02,0.000000000000000000e+00,0.000000000000000000e+00,0.000000000000000000e+00
0.000000000000000000e+00,8.767896294593811035e-01,0.000000000000000000e+00,1.547237578779459000e-02,6.182465553283691406e-01,0.000000000000000000e+00,4.691894054412841797e-01,6.198851019144058228e-02,0.000000000000000000e+00,8.273521065711975098e-02,5.729442462325096130e-02,0.000000000000000000e+00,4.969738125801086426e-01,0.000000000000000000e+00,1.008817479014396667e-01,1.212578788399696350e-01,1.078798770904541016e+00,2.227260172367095947e-02,6.582399606704711914e-01,0.000000000000000000e+00,7.881796956062316895e-01,4.703978598117828369e-01,0.000000000000000000e+00,3.949066102504730225e-01,6.814810633659362793e-01,2.840665340423583984e+00,0.000000000000000000e+00,0.000000000000000000e+00,0.000000000000000000e+00,0.000000000000000000e+00,5.597792938351631165e-02,2.955228090286254883e-01,0.000000000000000000e+00,8.744608610868453979e-03,0.000000000000000000e+00,7.602330297231674194e-02,3.445492982864379883e-01,4.425503015518188477e-01,6.542158871889114380e-02,2.334898710250854492e-02,0.000000000000000000e+00,6.519800052046775818e-03,0.000000000000000000e+00,0.000000000000000000e+00,0.000000000000000000e+00,2.077339738607406616e-01,0.000000000000000000e+00,7.640012353658676147e-02,0.000000000000000000e+00,2.924256920814514160e-01,0.000000000000000000e+00,9.139677137136459351e-02,1.169338345527648926e+00,1.431390643119812012e-01,0.000000000000000000e+00,2.876352891325950623e-02,0.000000000000000000e+00,3.529205620288848877e-01,8.839630484580993652e-01,5.867260098457336426e-01,6.371011584997177124e-02,1.488695386797189713e-02,6.983830034732818604e-02,3.869863748550415039e-01,0.000000000000000000e+00,4.448204934597015381e-01,0.000000000000000000e+00,3.566512763500213623e-01,0.000000000000000000e+00,3.002466857433319092e-01,3.074153512716293335e-02,0.000000000000000000e+00,4.534603282809257507e-02,0.000000000000000000e+00,0.000000000000000000e+00,2.034699767827987671e-01,0.000000000000000000e+00,8.072457313537597656e-01,0.000000000000000000e+00,1.634267419576644897e-01,6.493614614009857178e-02,8.957692980766296387e-02,5.968575477600097656e-01,0.000000000000000000e+00,0.000000000000000000e+00,0.000000000000000000e+00,0.000000000000000000e+00,1.647800803184509277e-01,0.000000000000000000e+00,4.801719188690185547e-01,0.000000000000000000e+00,0.000000000000000000e+00,0.000000000000000000e+00,1.028682708740234375e+00,7.791409492492675781e-01,0.000000000000000000e+00,8.764590322971343994e-02,0.000000000000000000e+00,2.002602815628051758e-01,0.000000000000000000e+00,1.038046181201934814e-02,2.824107557535171509e-02,4.404419064521789551e-01,0.000000000000000000e+00,0.000000000000000000e+00,0.000000000000000000e+00,0.000000000000000000e+00,0.000000000000000000e+00,0.000000000000000000e+00,0.000000000000000000e+00,7.949524521827697754e-01,0.000000000000000000e+00,2.701433598995208740e-01,2.775962948799133301e-01,0.000000000000000000e+00,4.660898149013519287e-01,2.340589314699172974e-01,1.814852654933929443e-01,1.182589083909988403e-01,0.000000000000000000e+00,4.544813036918640137e-01,1.798782497644424438e-02,1.452168703079223633e+00,9.308499693870544434e-01,2.423909902572631836e-01,3.357736170291900635e-01,1.541150733828544617e-02,0.000000000000000000e+00
1.103849858045578003e-01,6.304801702499389648e-01,0.000000000000000000e+00,1.715134531259536743e-01,0.000000000000000000e+00,0.000000000000000000e+00,3.268259167671203613e-01,2.981661260128021240e-01,0.000000000000000000e+00,5.861471891403198242e-01,9.099148213863372803e-03,1.880736649036407471e-01,0.000000000000000000e+00,0.000000000000000000e+00,3.068039417266845703e-01,3.487401306629180908e-01,5.297535657882690430e-01,1.179164573550224304e-01,1.123108342289924622e-01,0.000000000000000000e+00,2.268897593021392822e-01,5.449000597000122070e-01,0.000000000000000000e+00,7.400348186492919922e-01,7.286379933357238770e-01,2.723734617233276367e+00,0.000000000000000000e+00,0.000000000000000000e+00,3.817732930183410645e-01,0.000000000000000000e+00,0.000000000000000000e+00,0.000000000000000000e+00,0.000000000000000000e+00,7.386952638626098633e-01,0.000000000000000000e+00,3.755515813827514648e-01,8.723245561122894287e-02,0.000000000000000000e+00,7.435916066169738770e-01,2.748452126979827881e-01,0.000000000000000000e+00,2.658075690269470215e-01,0.000000000000000000e+00,0.000000000000000000e+00,0.000000000000000000e+00,0.000000000000000000e+00,6.407765299081802368e-02,6.498596072196960449e-01,0.000000000000000000e+00,3.323497176170349121e-01,9.257052093744277954e-02,5.346134305000305176e-01,1.202785372734069824e+00,0.000000000000000000e+00,0.000000000000000000e+00,4.059224128723144531e-01,0.000000000000000000e+00,5.643787384033203125e-01,7.515943050384521484e-01,5.145918726921081543e-01,0.000000000000000000e+00,1.294663399457931519e-01,1.152603253722190857e-01,5.241211652755737305e-01,0.000000000000000000e+00,6.530464291572570801e-01,0.000000000000000000e+00,1.861147284507751465e-01,0.000000000000000000e+00,0.000000000000000000e+00,3.478590846061706543e-01,6.656461954116821289e-01,1.620839238166809082e-01,0.000000000000000000e+00,0.000000000000000000e+00,0.000000000000000000e+00,0.000000000000000000e+00,8.718438148498535156e-01,0.000000000000000000e+00,1.793293654918670654e-01,0.000000000000000000e+00,4.269855096936225891e-02,2.851750254631042480e-01,0.000000000000000000e+00,0.000000000000000000e+00,0.000000000000000000e+00,0.000000000000000000e+00,0.000000000000000000e+00,0.000000000000000000e+00,1.050394773483276367e+00,1.955575197935104370e-01,0.000000000000000000e+00,0.000000000000000000e+00,7.763490676879882812e-01,9.337089210748672485e-02,0.000000000000000000e+00,0.000000000000000000e+00,4.581504315137863159e-02,5.033057928085327148e-01,0.000000000000000000e+00,0.000000000000000000e+00,7.666880488395690918e-01,8.462049067020416260e-02,0.000000000000000000e+00,0.000000000000000000e+00,0.000000000000000000e+00,0.000000000000000000e+00,0.000000000000000000e+00,0.000000000000000000e+00,0.000000000000000000e+00,7.276361435651779175e-02,0.000000000000000000e+00,3.012224435806274414e-01,3.901542723178863525e-01,0.000000000000000000e+00,1.041736006736755371e+00,3.292547464370727539e-01,2.491786330938339233e-01,5.329692959785461426e-01,0.000000000000000000e+00,0.000000000000000000e+00,5.925343632698059082e-01,1.475130319595336914e+00,5.051978230476379395e-01,4.844069182872772217e-01,0.000000000000000000e+00,0.000000000000000000e+00,0.000000000000000000e+00
2.461955845355987549e-01,9.857603907585144043e-01,0.000000000000000000e+00,0.000000000000000000e+00,9.282158687710762024e-03,0.000000000000000000e+00,2.710529863834381104e-01,1.637244075536727905e-01,0.000000000000000000e+00,8.461915254592895508e-01,7.798380404710769653e-02,7.734364271163940430e-02,1.515029817819595337e-01,0.000000000000000000e+00,2.000786662101745605e-01,4.294937849044799805e-02,1.136360466480255127e-01,6.280636787414550781e-01,4.493003487586975098e-01,0.000000000000000000e+00,2.147223651409149170e-01,7.225756347179412842e-02,0.000000000000000000e+00,5.743153691291809082e-01,6.306816339492797852e-01,3.102259159088134766e+00,0.000000000000000000e+00,0.000000000000000000e+00,2.934558391571044922e-01,0.000000000000000000e+00,5.325470119714736938e-02,0.000000000000000000e+00,0.000000000000000000e+00,1.036405861377716064e-01,0.000000000000000000e+00,2.646044492721557617e-01,1.096526458859443665e-01,0.000000000000000000e+00,5.381125211715698242e-01,1.801068484783172607e-01,0.000000000000000000e+00,1.635124087333679199e-01,0.000000000000000000e+00,0.000000000000000000e+00,0.000000000000000000e+00,0.000000000000000000e+00,7.883472740650177002e-02,1.283970773220062256e-01,0.000000000000000000e+00,2.097533494234085083e-01,2.031849920749664307e-01,1.442002058029174805e-01,7.845851182937622070e-01,0.000000000000000000e+00,0.000000000000000000e+00,3.342557549476623535e-01,0.000000000000000000e+00,7.203708887100219727e-01,9.977454543113708496e-01,7.819615602493286133e-01,0.000000000000000000e+00,5.099033936858177185e-02,3.263786062598228455e-02,5.564051866531372070e-02,0.000000000000000000e+00,8.969321250915527344e-01,0.000000000000000000e+00,1.366824191063642502e-02,0.000000000000000000e+00,0.000000000000000000e+00,9.693092107772827148e-02,1.234082132577896118e-01,2.081300318241119385e-02,0.000000000000000000e+00,0.000000000000000000e+00,1.475969050079584122e-02,0.000000000000000000e+00,7.664676308631896973e-01,0.000000000000000000e+00,9.504491835832595825e-02,0.000000000000000000e+00,3.165326081216335297e-03,5.044366717338562012e-01,0.000000000000000000e+00,0.000000000000000000e+00,0.000000000000000000e+00,0.000000000000000000e+00,3.400985524058341980e-02,1.052646115422248840e-01,1.250077605247497559e+00,0.000000000000000000e+00,0.000000000000000000e+00,0.000000000000000000e+00,7.741669416427612305e-01,0.000000000000000000e+00,0.000000000000000000e+00,3.820988163352012634e-02,1.526852995157241821e-01,4.512547552585601807e-01,0.000000000000000000e+00,0.000000000000000000e+00,1.841281652450561523e-01,1.679005622863769531e-01,0.000000000000000000e+00,0.000000000000000000e+00,0.000000000000000000e+00,0.000000000000000000e+00,0.000000000000000000e+00,0.000000000000000000e+00,0.000000000000000000e+00,3.128250837326049805e-01,0.000000000000000000e+00,1.135292947292327881e-01,1.701337695121765137e-01,0.000000000000000000e+00,1.230307817459106445e+00,3.066948354244232178e-01,5.619435310363769531e-01,3.710182383656501770e-02,0.000000000000000000e+00,0.000000000000000000e+00,1.252701997756958008e+00,2.068547248840332031e+00,1.871863603591918945e-01,2.587324976921081543e-01,6.988246459513902664e-03,0.000000000000000000e+00,0.000000000000000000e+00
3.076796606183052063e-02,7.454637289047241211e-01,0.000000000000000000e+00,9.303881227970123291e-02,5.968348979949951172e-01,0.000000000000000000e+00,4.224001467227935791e-01,5.298296362161636353e-02,0.000000000000000000e+00,9.549345970153808594e-01,2.734774164855480194e-02,2.541282176971435547e-01,1.570202112197875977e-01,0.000000000000000000e+00,1.127402260899543762e-01,0.000000000000000000e+00,9.633817076683044434e-01,2.263044118881225586e-01,1.477658003568649292e-01,0.000000000000000000e+00,2.958108186721801758e-01,1.554631590843200684e-01,0.000000000000000000e+00,1.945169270038604736e-01,4.572356045246124268e-01,2.891690492630004883e+00,0.000000000000000000e+00,0.000000000000000000e+00,0.000000000000000000e+00,2.023372799158096313e-04,0.000000000000000000e+00,3.600017726421356201e-01,0.000000000000000000e+00,3.890717923641204834e-01,0.000000000000000000e+00,8.677262812852859497e-02,2.841700315475463867e-01,1.833019256591796875e-01,2.481677532196044922e-01,5.565447360277175903e-02,0.000000000000000000e+00,2.910821698606014252e-02,0.000000000000000000e+00,0.000000000000000000e+00,0.000000000000000000e+00,8.565805852413177490e-02,0.000000000000000000e+00,2.996624112129211426e-01,0.000000000000000000e+00,3.954623341560363770e-01,1.468249708414077759e-01,8.425456285476684570e-02,3.103156387805938721e-01,2.270146906375885010e-01,0.000000000000000000e+00,0.000000000000000000e+00,0.000000000000000000e+00,5.873521566390991211e-01,2.800564169883728027e-01,7.103369235992431641e-01,8.303920924663543701e-02,1.608007587492465973e-03,4.866202920675277710e-02,9.582911431789398193e-02,0.000000000000000000e+00,7.051388025283813477e-01,0.000000000000000000e+00,1.359454691410064697e-01,0.000000000000000000e+00,1.008761644363403320e+00,5.726693570613861084e-02,1.794336438179016113e-01,3.739021345973014832e-02,0.000000000000000000e+00,0.000000000000000000e+00,6.362661719322204590e-02,0.000000000000000000e+00,3.167398869991302490e-01,0.000000000000000000e+00,2.039466053247451782e-01,5.506111308932304382e-02,8.306555449962615967e-02,2.151379436254501343e-01,0.000000000000000000e+00,0.000000000000000000e+00,0.000000000000000000e+00,0.000000000000000000e+00,0.000000000000000000e+00,1.015698611736297607e-01,4.799024760723114014e-01,0.000000000000000000e+00,0.000000000000000000e+00,0.000000000000000000e+00,7.075619101524353027e-01,6.303817033767700195e-01,0.000000000000000000e+00,0.000000000000000000e+00,1.557567156851291656e-02,2.223203480243682861e-01,0.000000000000000000e+00,1.130491420626640320e-01,1.576229631900787354e-01,1.090860962867736816e+00,0.000000000000000000e+00,0.000000000000000000e+00,0.000000000000000000e+00,2.159103378653526306e-02,0.000000000000000000e+00,0.000000000000000000e+00,0.000000000000000000e+00,7.589549422264099121e-01,0.000000000000000000e+00,3.882970511913299561e-01,3.400282859802246094e-01,0.000000000000000000e+00,4.271169900894165039e-01,1.287672668695449829e-01,3.182042539119720459e-01,4.871975481510162354e-01,1.268311887979507446e-01,3.190477192401885986e-01,1.999289244413375854e-01,1.409677743911743164e+00,3.515287041664123535e-01,8.214832842350006104e-02,1.052731946110725403e-01,9.150730073451995850e-02,0.000000000000000000e+00
6.553158760070800781e-01,5.766249895095825195e-01,0.000000000000000000e+00,1.523092687129974365e-01,3.743596971035003662e-01,0.000000000000000000e+00,2.399516105651855469e-01,3.941745162010192871e-01,0.000000000000000000e+00,6.854431629180908203e-01,2.440549880266189575e-01,4.747856855392456055e-01,4.194394052028656006e-01,0.000000000000000000e+00,1.819053590297698975e-01,1.267332434654235840e-01,3.364648222923278809e-01,4.772248566150665283e-01,3.569886088371276855e-01,0.000000000000000000e+00,1.506494879722595215e-01,3.161802887916564941e-02,0.000000000000000000e+00,5.460333079099655151e-02,9.660478681325912476e-02,3.041390419006347656e+00,0.000000000000000000e+00,0.000000000000000000e+00,1.843260526657104492e-01,9.125412255525588989e-02,2.043508589267730713e-01,0.000000000000000000e+00,0.000000000000000000e+00,7.951720058917999268e-02,6.726767122745513916e-02,5.004675984382629395e-01,1.926000714302062988e-01,4.888448119163513184e-02,4.889153242111206055e-01,0.000000000000000000e+00,0.000000000000000000e+00,5.869570970535278320e-01,0.000000000000000000e+00,4.168159142136573792e-02,0.000000000000000000e+00,4.202235341072082520e-01,6.144837737083435059e-01,4.185420870780944824e-01,0.000000000000000000e+00,1.851984560489654541e-01,5.443248748779296875e-01,3.754502534866333008e-01,3.783820569515228271e-01,8.963599801063537598e-02,0.000000000000000000e+00,3.856587409973144531e-01,2.002133242785930634e-02,2.683795392513275146e-01,8.762603253126144409e-02,8.330149650573730469e-01,2.302364446222782135e-03,1.636288911104202271e-01,1.600965857505798340e-01,1.988148875534534454e-02,0.000000000000000000e+00,7.973911762237548828e-01,0.000000000000000000e+00,1.192483425140380859e+00,0.000000000000000000e+00,2.319588325917720795e-03,5.860830470919609070e-02,2.790694534778594971e-01,5.845289230346679688e-01,0.000000000000000000e+00,0.000000000000000000e+00,3.416954539716243744e-03,2.095110341906547546e-02,9.525743126869201660e-01,0.000000000000000000e+00,0.000000000000000000e+00,5.691612362861633301e-01,7.896593771874904633e-03,4.727995023131370544e-02,9.689092636108398438e-02,0.000000000000000000e+00,0.000000000000000000e+00,0.000000000000000000e+00,5.937270820140838623e-02,0.000000000000000000e+00,5.952415466308593750e-01,0.000000000000000000e+00,0.000000000000000000e+00,0.000000000000000000e+00,8.912537097930908203e-01,1.047351881861686707e-01,0.000000000000000000e+00,3.877823352813720703e-01,0.000000000000000000e+00,1.467280685901641846e-01,2.908785641193389893e-01,0.000000000000000000e+00,2.035437375307083130e-01,3.017205893993377686e-01,0.000000000000000000e+00,0.000000000000000000e+00,0.000000000000000000e+00,1.443046331405639648e-02,0.000000000000000000e+00,0.000000000000000000e+00,0.000000000000000000e+00,5.916875973343849182e-02,0.000000000000000000e+00,1.022342145442962646e-01,1.152275949716567993e-01,0.000000000000000000e+00,5.125045776367187500e-01,0.000000000000000000e+00,1.035811156034469604e-01,3.581641614437103271e-02,3.071102499961853027e-02,0.000000000000000000e+00,7.292528152465820312e-01,1.718044042587280273e+00,7.817173004150390625e-02,0.000000000000000000e+00,5.139104723930358887e-01,0.000000000000000000e+00,0.000000000000000000e+00
3.460648953914642334e-01,2.256686389446258545e-01,0.000000000000000000e+00,2.640510201454162598e-01,3.252373635768890381e-02,0.000000000000000000e+00,6.294030547142028809e-01,1.699774116277694702e-01,0.000000000000000000e+00,5.347708463668823242e-01,1.297666225582361221e-02,3.264279291033744812e-02,7.170505076646804810e-02,0.000000000000000000e+00,5.575497150421142578e-01,2.464429736137390137e-01,9.568283557891845703e-01,2.625555545091629028e-02,2.890756130218505859e-01,0.000000000000000000e+00,3.344700038433074951e-01,3.236248344182968140e-02,0.000000000000000000e+00,4.377403259277343750e-01,3.029139041900634766e-01,2.873159408569335938e+00,0.000000000000000000e+00,0.000000000000000000e+00,0.000000000000000000e+00,5.801446735858917236e-02,3.288925066590309143e-02,0.000000000000000000e+00,0.000000000000000000e+00,3.581052422523498535e-01,1.632101833820343018e-02,3.837198019027709961e-01,1.047952324151992798e-01,2.574112452566623688e-02,8.711675554513931274e-02,0.000000000000000000e+00,0.000000000000000000e+00,5.061093568801879883e-01,0.000000000000000000e+00,0.000000000000000000e+00,0.000000000000000000e+00,2.644427586346864700e-03,2.222087383270263672e-01,1.105335354804992676e+00,0.000000000000000000e+00,4.397004842758178711e-01,9.648276865482330322e-02,2.626475393772125244e-01,1.331845045089721680e+00,0.000000000000000000e+00,0.000000000000000000e+00,1.226723343133926392e-01,3.769118338823318481e-04,4.694011509418487549e-01,7.232498526573181152e-01,8.968701958656311035e-01,0.000000000000000000e+00,2.871036902070045471e-02,2.299219071865081787e-01,4.271071776747703552e-02,0.000000000000000000e+00,4.716421961784362793e-01,0.000000000000000000e+00,2.850309014320373535e-01,0.000000000000000000e+00,0.000000000000000000e+00,2.258801460266113281e-01,4.380606710910797119e-01,1.151518821716308594e-01,0.000000000000000000e+00,0.000000000000000000e+00,0.000000000000000000e+00,4.578145220875740051e-02,9.587954282760620117e-01,0.000000000000000000e+00,1.751950383186340332e-01,2.735086679458618164e-01,1.065437495708465576e-01,2.764302194118499756e-01,6.151129305362701416e-02,0.000000000000000000e+00,0.000000000000000000e+00,0.000000000000000000e+00,0.000000000000000000e+00,5.156264826655387878e-02,1.345776319503784180e+00,0.000000000000000000e+00,0.000000000000000000e+00,0.000000000000000000e+00,8.825298547744750977e-01,0.000000000000000000e+00,0.000000000000000000e+00,3.695747256278991699e-02,0.000000000000000000e+00,4.907859563827514648e-01,7.747525349259376526e-03,0.000000000000000000e+00,5.890719890594482422e-01,9.078811109066009521e-02,0.000000000000000000e+00,0.000000000000000000e+00,0.000000000000000000e+00,1.732700467109680176e-01,0.000000000000000000e+00,0.000000000000000000e+00,0.000000000000000000e+00,0.000000000000000000e+00,0.000000000000000000e+00,3.424683213233947754e-01,5.504229664802551270e-01,0.000000000000000000e+00,1.328619718551635742e+00,2.533286809921264648e-01,1.089354678988456726e-01,3.594456911087036133e-01,1.126091852784156799e-01,0.000000000000000000e+00,3.601937592029571533e-01,1.625057816505432129e+00,3.618411719799041748e-01,2.186292707920074463e-01,9.433894604444503784e-02,5.973230674862861633e-02,0.000000000000000000e+00
1.644387654960155487e-02,7.106474637985229492e-01,0.000000000000000000e+00,5.821248888969421387e-02,1.192108035087585449e+00,0.000000000000000000e+00,2.671573460102081299e-01,7.348678261041641235e-02,0.000000000000000000e+00,1.709872186183929443e-01,1.447519361972808838e-01,0.000000000000000000e+00,1.346585988998413086e+00,0.000000000000000000e+00,1.461661458015441895e-01,1.178609877824783325e-01,2.731446623802185059e-01,1.033877730369567871e-01,5.374914407730102539e-01,0.000000000000000000e+00,6.994532346725463867e-01,2.198616974055767059e-02,0.000000000000000000e+00,3.086288273334503174e-01,4.590171277523040771e-01,2.750697612762451172e+00,0.000000000000000000e+00,0.000000000000000000e+00,4.144063591957092285e-02,2.578401379287242889e-02,2.128116488456726074e-01,5.015136599540710449e-01,0.000000000000000000e+00,1.268468052148818970e-01,6.088627967983484268e-03,1.890293061733245850e-01,6.837149858474731445e-01,3.278415799140930176e-01,2.178748846054077148e-01,3.063432127237319946e-02,0.000000000000000000e+00,2.866201661527156830e-02,0.000000000000000000e+00,0.000000000000000000e+00,0.000000000000000000e+00,0.000000000000000000e+00,1.270254552364349365e-01,6.823694705963134766e-02,0.000000000000000000e+00,4.507676362991333008e-01,0.000000000000000000e+00,1.390712112188339233e-01,3.844644725322723389e-01,3.109776079654693604e-01,0.000000000000000000e+00,1.685466915369033813e-01,0.000000000000000000e+00,3.841399252414703369e-01,3.836551308631896973e-01,4.911577999591827393e-01,1.776645183563232422e-01,2.297503054141998291e-01,1.352982968091964722e-01,1.708651185035705566e-01,0.000000000000000000e+00,7.581002712249755859e-01,4.098079353570938110e-02,4.948415160179138184e-01,0.000000000000000000e+00,9.965525865554809570e-01,3.939513489603996277e-02,0.000000000000000000e+00,4.940401390194892883e-02,0.000000000000000000e+00,0.000000000000000000e+00,1.504665017127990723e-01,0.000000000000000000e+00,6.980381011962890625e-01,0.000000000000000000e+00,6.594429910182952881e-02,5.707472562789916992e-02,6.424243561923503876e-03,4.830753207206726074e-01,0.000000000000000000e+00,0.000000000000000000e+00,0.000000000000000000e+00,0.000000000000000000e+00,0.000000000000000000e+00,0.000000000000000000e+00,4.808264076709747314e-01,0.000000000000000000e+00,0.000000000000000000e+00,0.000000000000000000e+00,7.882324457168579102e-01,6.607302427291870117e-01,0.000000000000000000e+00,3.759874776005744934e-02,1.032817512750625610e-01,1.939826607704162598e-01,1.388258337974548340e-01,2.541001141071319580e-01,4.808075726032257080e-02,3.899812102317810059e-01,0.000000000000000000e+00,0.000000000000000000e+00,0.000000000000000000e+00,7.202672958374023438e-02,0.000000000000000000e+00,0.000000000000000000e+00,0.000000000000000000e+00,9.286580085754394531e-01,0.000000000000000000e+00,1.724587678909301758e-01,9.336710721254348755e-02,0.000000000000000000e+00,3.880659639835357666e-01,1.295384466648101807e-01,3.995825946331024170e-01,2.094959765672683716e-01,0.000000000000000000e+00,3.880607187747955322e-01,2.792171537876129150e-01,1.361206531524658203e+00,7.819115519523620605e-01,1.802974194288253784e-01,2.707088738679885864e-02,3.377001583576202393e-01,0.000000000000000000e+00
0.000000000000000000e+00,1.123088240623474121e+00,0.000000000000000000e+00,2.114193513989448547e-02,5.741752982139587402e-01,0.000000000000000000e+00,6.730713248252868652e-01,6.154295057058334351e-02,0.000000000000000000e+00,1.588828414678573608e-01,0.000000000000000000e+00,0.000000000000000000e+00,5.777221322059631348e-01,0.000000000000000000e+00,3.194124624133110046e-02,2.869874984025955200e-02,1.521742492914199829e-01,1.968032121658325195e-01,1.157607197761535645e+00,0.000000000000000000e+00,9.520403742790222168e-01,4.504958540201187134e-02,0.000000000000000000e+00,6.946906447410583496e-01,1.116585731506347656e+00,3.471939563751220703e+00,0.000000000000000000e+00,0.000000000000000000e+00,0.000000000000000000e+00,5.821796134114265442e-02,1.164228767156600952e-01,1.672873347997665405e-01,0.000000000000000000e+00,0.000000000000000000e+00,1.334591209888458252e-02,4.774241745471954346e-01,4.854590296745300293e-01,6.735003590583801270e-01,7.568497210741043091e-02,1.527843326330184937e-01,0.000000000000000000e+00,0.000000000000000000e+00,0.000000000000000000e+00,7.501440122723579407e-04,0.000000000000000000e+00,8.901198208332061768e-02,2.270777709782123566e-02,0.000000000000000000e+00,0.000000000000000000e+00,7.912904024124145508e-01,3.795805573463439941e-02,0.000000000000000000e+00,8.145897388458251953e-01,3.798469305038452148e-01,0.000000000000000000e+00,2.540943324565887451e-01,0.000000000000000000e+00,4.592568576335906982e-01,1.060522437095642090e+00,5.263078808784484863e-01,4.546993970870971680e-02,2.476878836750984192e-02,2.110942304134368896e-01,1.112140864133834839e-01,0.000000000000000000e+00,4.196645021438598633e-01,0.000000000000000000e+00,3.392731547355651855e-01,0.000000000000000000e+00,4.658771157264709473e-01,5.523864552378654480e-02,0.000000000000000000e+00,3.760462254285812378e-02,0.000000000000000000e+00,0.000000000000000000e+00,5.448423027992248535e-01,2.714035660028457642e-02,5.234959125518798828e-01,0.000000000000000000e+00,1.114800479263067245e-02,1.291140466928482056e-01,8.575469255447387695e-02,1.071077823638916016e+00,0.000000000000000000e+00,0.000000000000000000e+00,0.000000000000000000e+00,0.000000000000000000e+00,2.444399893283843994e-01,1.776795089244842529e-02,3.595836460590362549e-01,0.000000000000000000e+00,0.000000000000000000e+00,0.000000000000000000e+00,6.046775579452514648e-01,3.514513373374938965e-01,0.000000000000000000e+00,1.201118379831314087e-01,0.000000000000000000e+00,5.716156363487243652e-01,9.909076988697052002e-02,1.719059795141220093e-01,0.000000000000000000e+00,2.393928766250610352e-01,0.000000000000000000e+00,0.000000000000000000e+00,0.000000000000000000e+00,1.489897072315216064e-01,0.000000000000000000e+00,0.000000000000000000e+00,0.000000000000000000e+00,4.917563498020172119e-01,0.000000000000000000e+00,2.101943492889404297e-01,2.472554296255111694e-01,0.000000000000000000e+00,3.714073300361633301e-01,1.276218593120574951e-01,4.723812937736511230e-01,2.680179849267005920e-02,6.480014324188232422e-02,1.193610280752182007e-01,5.895191431045532227e-01,2.322530508041381836e+00,4.930120110511779785e-01,1.707461476325988770e-01,3.848564028739929199e-01,9.393508732318878174e-02,0.000000000000000000e+00
6.145956516265869141e-01,4.512454271316528320e-01,0.000000000000000000e+00,0.000000000000000000e+00,1.619441211223602295e-01,0.000000000000000000e+00,1.524941921234130859e-01,2.618218958377838135e-02,0.000000000000000000e+00,9.826616048812866211e-01,1.023259293287992477e-02,2.273247390985488892e-02,1.902171373367309570e-01,0.000000000000000000e+00,0.000000000000000000e+00,0.000000000000000000e+00,1.102903008460998535e+00,2.046133875846862793e-01,8.332688361406326294e-02,0.000000000000000000e+00,1.361247599124908447e-01,4.915346950292587280e-02,0.000000000000000000e+00,1.112477928400039673e-01,1.996398270130157471e-01,2.704582452774047852e+00,0.000000000000000000e+00,0.000000000000000000e+00,1.320874691009521484e-01,6.440253928303718567e-03,5.033827945590019226e-02,1.370513796806335449e+00,0.000000000000000000e+00,1.756301075220108032e-01,1.772779375314712524e-01,3.990717232227325439e-01,6.696118116378784180e-01,1.813136637210845947e-01,2.414680421352386475e-01,1.134522482752799988e-01,0.000000000000000000e+00,0.000000000000000000e+00,0.000000000000000000e+00,3.279623389244079590e-02,0.000000000000000000e+00,0.000000000000000000e+00,7.884659618139266968e-02,3.794819712638854980e-01,0.000000000000000000e+00,1.098189115524291992e+00,2.416723221540451050e-02,4.562292993068695068e-02,1.787150800228118896e-01,3.725541830062866211e-01,0.000000000000000000e+00,1.038913428783416748e-02,0.000000000000000000e+00,7.961882352828979492e-01,5.482580512762069702e-02,1.180138945579528809e+00,0.000000000000000000e+00,1.178881824016571045e-01,7.638506591320037842e-02,7.650782912969589233e-02,0.000000000000000000e+00,7.929143309593200684e-01,0.000000000000000000e+00,7.658635377883911133e-01,0.000000000000000000e+00,1.056506752967834473e+00,1.533002555370330811e-01,1.049931570887565613e-01,0.000000000000000000e+00,0.000000000000000000e+00,0.000000000000000000e+00,2.822566777467727661e-02,8.622033149003982544e-02,1.743141859769821167e-01,0.000000000000000000e+00,2.786614894866943359e-01,0.000000000000000000e+00,4.071639478206634521e-02,6.943698972463607788e-03,0.000000000000000000e+00,0.000000000000000000e+00,0.000000000000000000e+00,0.000000000000000000e+00,6.058645248413085938e-02,4.315760359168052673e-02,2.499551326036453247e-01,0.000000000000000000e+00,0.000000000000000000e+00,0.000000000000000000e+00,3.176063895225524902e-01,5.010284185409545898e-01,0.000000000000000000e+00,0.000000000000000000e+00,0.000000000000000000e+00,2.438298016786575317e-01,4.311354756355285645e-01,8.481217175722122192e-02,1.492259204387664795e-01,6.206003427505493164e-01,0.000000000000000000e+00,0.000000000000000000e+00,0.000000000000000000e+00,5.112366378307342529e-02,0.000000000000000000e+00,0.000000000000000000e+00,0.000000000000000000e+00,4.819141924381256104e-01,0.000000000000000000e+00,0.000000000000000000e+00,0.000000000000000000e+00,0.000000000000000000e+00,1.861225366592407227e-01,0.000000000000000000e+00,0.000000000000000000e+00,1.076754704117774963e-01,6.034995615482330322e-02,7.201393246650695801e-01,1.049220096319913864e-02,1.464458107948303223e+00,2.530758380889892578e-01,4.256736859679222107e-02,8.280165493488311768e-03,2.448688596487045288e-01,0.000000000000000000e+00
3.105790317058563232e-01,2.653363943099975586e-01,0.000000000000000000e+00,5.865013226866722107e-04,1.502070575952529907e-01,0.000000000000000000e+00,2.619991600513458252e-01,4.204258322715759277e-01,0.000000000000000000e+00,4.356933832168579102e-01,2.548139542341232300e-02,0.000000000000000000e+00,1.137642636895179749e-01,0.000000000000000000e+00,1.114433556795120239e-01,3.695083260536193848e-01,3.806876838207244873e-01,2.915492653846740723e-02,4.854164719581604004e-01,0.000000000000000000e+00,2.974275648593902588e-01,3.292097151279449463e-01,0.000000000000000000e+00,4.901032149791717529e-01,3.894158899784088135e-01,3.109872341156005859e+00,0.000000000000000000e+00,0.000000000000000000e+00,1.330556869506835938e-01,1.446709223091602325e-02,8.423103392124176025e-02,0.000000000000000000e+00,0.000000000000000000e+00,3.717297315597534180e-01,9.199304878711700439e-02,3.392158150672912598e-01,4.363230615854263306e-02,3.330992907285690308e-02,1.453900486230850220e-01,9.417830407619476318e-02,0.000000000000000000e+00,9.212423861026763916e-02,0.000000000000000000e+00,5.053019151091575623e-02,0.000000000000000000e+00,2.259688079357147217e-01,1.337496936321258545e-01,6.438969373703002930e-01,0.000000000000000000e+00,4.493427574634552002e-01,1.409870386123657227e-01,2.197807133197784424e-01,1.007963776588439941e+00,1.180410087108612061e-01,0.000000000000000000e+00,1.653489470481872559e-01,0.000000000000000000e+00,7.089486122131347656e-01,6.467452049255371094e-01,3.583915829658508301e-01,5.763366818428039551e-02,1.243013590574264526e-01,2.515996694564819336e-01,3.350908458232879639e-01,0.000000000000000000e+00,2.972621023654937744e-01,0.000000000000000000e+00,5.695300698280334473e-01,0.000000000000000000e+00,0.000000000000000000e+00,2.281990051269531250e-01,5.006786584854125977e-01,1.121367700397968292e-02,0.000000000000000000e+00,0.000000000000000000e+00,2.734436094760894775e-01,5.446297302842140198e-02,7.552476525306701660e-01,0.000000000000000000e+00,1.422744095325469971e-01,1.058575287461280823e-01,0.000000000000000000e+00,4.074337482452392578e-01,0.000000000000000000e+00,0.000000000000000000e+00,0.000000000000000000e+00,0.000000000000000000e+00,1.419738382101058960e-01,6.674397736787796021e-03,1.133717894554138184e+00,1.188839301466941833e-01,0.000000000000000000e+00,0.000000000000000000e+00,9.584348201751708984e-01,3.019494377076625824e-02,0.000000000000000000e+00,5.003064125776290894e-02,1.898691430687904358e-02,3.968012630939483643e-01,9.373793005943298340e-02,0.000000000000000000e+00,8.859277963638305664e-01,3.904851078987121582e-01,0.000000000000000000e+00,0.000000000000000000e+00,0.000000000000000000e+00,3.657627385109663010e-03,0.000000000000000000e+00,0.000000000000000000e+00,0.000000000000000000e+00,0.000000000000000000e+00,0.000000000000000000e+00,1.377529054880142212e-01,3.376531898975372314e-01,0.000000000000000000e+00,1.079363226890563965e+00,2.503713592886924744e-02,8.467639237642288208e-02,4.254447221755981445e-01,2.510521709918975830e-01,0.000000000000000000e+00,1.425540000200271606e-01,1.787680149078369141e+00,1.514771878719329834e-01,9.486510604619979858e-02,1.345765441656112671e-01,0.000000000000000000e+00,0.000000000000000000e+00
7.215815186500549316e-01,6.788468360900878906e-01,0.000000000000000000e+00,4.429205060005187988e-01,1.587413549423217773e-01,0.000000000000000000e+00,6.805700063705444336e-01,9.642022848129272461e-01,0.000000000000000000e+00,8.309532403945922852e-01,6.772034168243408203e-01,1.038283705711364746e+00,2.049049139022827148e-01,0.000000000000000000e+00,3.865993022918701172e-01,1.345411986112594604e-01,2.676738500595092773e-01,6.133810877799987793e-01,6.064651608467102051e-01,0.000000000000000000e+00,3.806324899196624756e-01,5.598676204681396484e-01,0.000000000000000000e+00,4.182041585445404053e-01,4.020145833492279053e-01,2.898654460906982422e+00,0.000000000000000000e+00,0.000000000000000000e+00,5.943728685379028320e-01,5.642404556274414062e-01,9.487275779247283936e-02,0.000000000000000000e+00,0.000000000000000000e+00,9.238530397415161133e-01,2.195601612329483032e-01,7.552624344825744629e-01,1.238733828067779541e-01,5.190011262893676758e-01,7.115954160690307617e-01,5.173205733299255371e-01,0.000000000000000000e+00,9.899877309799194336e-01,0.000000000000000000e+00,1.140769869089126587e-01,0.000000000000000000e+00,7.631728649139404297e-01,3.925079405307769775e-01,2.779957056045532227e-01,0.000000000000000000e+00,4.209787547588348389e-01,9.472703933715820312e-01,7.354442477226257324e-01,7.747474312782287598e-02,1.483487337827682495e-01,0.000000000000000000e+00,9.164924621582031250e-01,3.023488223552703857e-01,5.062801837921142578e-01,3.697060346603393555e-01,2.560614943504333496e-01,0.000000000000000000e+00,6.437630057334899902e-01,1.732828021049499512e-01,4.648287296295166016e-01,0.000000000000000000e+00,4.808704853057861328e-01,6.683058142662048340e-01,8.734104633331298828e-01,0.000000000000000000e+00,5.723638832569122314e-02,4.544743895530700684e-02,8.440682291984558105e-01,4.986353516578674316e-01,0.000000000000000000e+00,0.000000000000000000e+00,6.633524894714355469e-01,1.761305332183837891e-01,3.671818375587463379e-01,0.000000000000000000e+00,0.000000000000000000e+00,9.241206049919128418e-01,2.314696907997131348e-01,3.588565886020660400e-01,6.487308144569396973e-01,0.000000000000000000e+00,0.000000000000000000e+00,0.000000000000000000e+00,1.159158125519752502e-01,1.285346299409866333e-01,7.445205450057983398e-01,7.468713447451591492e-03,0.000000000000000000e+00,0.000000000000000000e+00,7.891092896461486816e-01,1.331000775098800659e-01,0.000000000000000000e+00,9.759386181831359863e-01,3.492881059646606445e-01,4.196182489395141602e-01,4.085627198219299316e-01,5.629120022058486938e-02,8.460587859153747559e-01,2.550797462463378906e-01,0.000000000000000000e+00,0.000000000000000000e+00,0.000000000000000000e+00,4.123619794845581055e-01,0.000000000000000000e+00,0.000000000000000000e+00,3.409347496926784515e-03,1.093648672103881836e-01,0.000000000000000000e+00,4.634380936622619629e-01,4.461387991905212402e-01,0.000000000000000000e+00,6.672890782356262207e-01,1.028811410069465637e-01,6.990144252777099609e-01,7.870752215385437012e-01,2.635097801685333252e-01,8.392132818698883057e-02,6.477163434028625488e-01,1.547888636589050293e+00,3.531226515769958496e-02,0.000000000000000000e+00,1.052131414413452148e+00,8.994202315807342529e-02,0.000000000000000000e+00
0.000000000000000000e+00,7.613272666931152344e-01,0.000000000000000000e+00,0.000000000000000000e+00,3.885021805763244629e-01,0.000000000000000000e+00,5.889686942100524902e-01,0.000000000000000000e+00,0.000000000000000000e+00,6.000397354364395142e-02,0.000000000000000000e+00,0.000000000000000000e+00,1.151136532425880432e-01,0.000000000000000000e+00,0.000000000000000000e+00,4.636983573436737061e-02,6.855787634849548340e-01,1.732917129993438721e-01,8.469465970993041992e-01,0.000000000000000000e+00,9.017496109008789062e-01,7.660996168851852417e-03,0.000000000000000000e+00,5.134612917900085449e-01,6.223440170288085938e-01,2.999216794967651367e+00,0.000000000000000000e+00,0.000000000000000000e+00,0.000000000000000000e+00,0.000000000000000000e+00,2.131307497620582581e-02,4.123881161212921143e-01,0.000000000000000000e+00,0.000000000000000000e+00,0.000000000000000000e+00,8.038112893700599670e-03,1.517709046602249146e-01,5.490391850471496582e-01,0.000000000000000000e+00,0.000000000000000000e+00,0.000000000000000000e+00,0.000000000000000000e+00,0.000000000000000000e+00,7.671068608760833740e-02,0.000000000000000000e+00,0.000000000000000000e+00,0.000000000000000000e+00,0.000000000000000000e+00,0.000000000000000000e+00,6.372268199920654297e-01,0.000000000000000000e+00,2.049293555319309235e-02,1.529259085655212402e+00,3.194383084774017334e-01,0.000000000000000000e+00,4.700047895312309265e-03,0.000000000000000000e+00,2.181373685598373413e-01,1.336285591125488281e+00,8.222026228904724121e-01,2.341188043355941772e-01,3.927628695964813232e-02,3.598663508892059326e-01,4.819825664162635803e-02,0.000000000000000000e+00,9.363697767257690430e-01,0.000000000000000000e+00,5.073474049568176270e-01,0.000000000000000000e+00,8.465306758880615234e-01,5.980642884969711304e-02,0.000000000000000000e+00,0.000000000000000000e+00,0.000000000000000000e+00,0.000000000000000000e+00,1.310113370418548584e-01,0.000000000000000000e+00,1.041114687919616699e+00,0.000000000000000000e+00,2.607651352882385254e-01,3.914270550012588501e-02,0.000000000000000000e+00,9.378901720046997070e-01,0.000000000000000000e+00,0.000000000000000000e+00,0.000000000000000000e+00,0.000000000000000000e+00,2.069559246301651001e-01,0.000000000000000000e+00,2.321264594793319702e-01,0.000000000000000000e+00,0.000000000000000000e+00,0.000000000000000000e+00,1.084987878799438477e+00,1.041027069091796875e+00,0.000000000000000000e+00,0.000000000000000000e+00,2.516717463731765747e-02,5.564802885055541992e-01,1.651099883019924164e-02,2.000667005777359009e-01,8.599819615483283997e-03,3.915454745292663574e-01,0.000000000000000000e+00,0.000000000000000000e+00,0.000000000000000000e+00,0.000000000000000000e+00,0.000000000000000000e+00,0.000000000000000000e+00,0.000000000000000000e+00,6.459685564041137695e-01,0.000000000000000000e+00,2.541033923625946045e-02,8.491335064172744751e-02,0.000000000000000000e+00,2.076667398214340210e-01,4.174241796135902405e-02,2.979869246482849121e-01,3.697318434715270996e-01,9.541711956262588501e-02,5.752457380294799805e-01,3.926726579666137695e-01,1.916967153549194336e+00,8.983969688415527344e-01,4.005606472492218018e-02,2.974149584770202637e-01,1.035546734929084778e-01,0.000000000000000000e+00
3.939979970455169678e-01,2.733360528945922852e-01,0.000000000000000000e+00,1.966891810297966003e-02,1.736731827259063721e-01,0.000000000000000000e+00,1.613231599330902100e-01,0.000000000000000000e+00,0.000000000000000000e+00,4.211339056491851807e-01,6.880560517311096191e-02,0.000000000000000000e+00,2.489357441663742065e-02,0.000000000000000000e+00,1.616311371326446533e-01,3.519029822200536728e-03,6.391835212707519531e-01,6.171574443578720093e-02,6.923163682222366333e-02,0.000000000000000000e+00,2.968745529651641846e-01,8.946005254983901978e-04,0.000000000000000000e+00,3.930149376392364502e-01,3.779379725456237793e-01,2.856000661849975586e+00,0.000000000000000000e+00,0.000000000000000000e+00,2.075294591486454010e-02,1.726005412638187408e-02,3.155243396759033203e-02,0.000000000000000000e+00,0.000000000000000000e+00,1.251417398452758789e-01,1.463548392057418823e-01,8.869963139295578003e-02,6.387118101119995117e-01,3.786863759160041809e-03,1.681120395660400391e-01,1.445260941982269287e-01,0.000000000000000000e+00,6.628772616386413574e-02,0.000000000000000000e+00,0.000000000000000000e+00,0.000000000000000000e+00,0.000000000000000000e+00,2.951135039329528809e-01,3.038986623287200928e-01,0.000000000000000000e+00,6.538211703300476074e-01,3.761937096714973450e-02,2.570412755012512207e-01,1.403478026390075684e+00,0.000000000000000000e+00,0.000000000000000000e+00,2.958562374114990234e-01,0.000000000000000000e+00,1.194691136479377747e-01,1.207222342491149902e+00,4.024170041084289551e-01,0.000000000000000000e+00,0.000000000000000000e+00,2.308981269598007202e-01,0.000000000000000000e+00,0.000000000000000000e+00,4.914224147796630859e-01,0.000000000000000000e+00,5.097196996212005615e-02,0.000000000000000000e+00,9.572452306747436523e-02,5.083703994750976562e-02,1.243970915675163269e-01,0.000000000000000000e+00,0.000000000000000000e+00,0.000000000000000000e+00,0.000000000000000000e+00,0.000000000000000000e+00,9.455437064170837402e-01,0.000000000000000000e+00,6.121780872344970703e-01,0.000000000000000000e+00,0.000000000000000000e+00,2.668052315711975098e-01,0.000000000000000000e+00,0.000000000000000000e+00,0.000000000000000000e+00,0.000000000000000000e+00,0.000000000000000000e+00,0.000000000000000000e+00,9.069937467575073242e-01,0.000000000000000000e+00,0.000000000000000000e+00,0.000000000000000000e+00,7.318552732467651367e-01,1.618090420961380005e-01,0.000000000000000000e+00,0.000000000000000000e+00,1.004001274704933167e-01,2.896007299423217773e-01,9.910156950354576111e-04,8.837252110242843628e-02,2.352457791566848755e-01,2.344474196434020996e-02,0.000000000000000000e+00,0.000000000000000000e+00,0.000000000000000000e+00,0.000000000000000000e+00,0.000000000000000000e+00,0.000000000000000000e+00,2.896510064601898193e-01,9.340323507785797119e-03,0.000000000000000000e+00,1.913777291774749756e-01,9.218124672770500183e-03,0.000000000000000000e+00,9.037120342254638672e-01,3.294462561607360840e-01,6.229955554008483887e-01,1.572054997086524963e-02,0.000000000000000000e+00,0.000000000000000000e+00,8.068463206291198730e-01,1.777599096298217773e+00,3.576597571372985840e-01,2.060777544975280762e-01,0.000000000000000000e+00,0.000000000000000000e+00,0.000000000000000000e+00
3.741024527698755264e-03,6.198677420616149902e-01,0.000000000000000000e+00,1.726833134889602661e-01,5.251886248588562012e-01,0.000000000000000000e+00,6.919376552104949951e-02,8.628175407648086548e-02,0.000000000000000000e+00,1.995399296283721924e-01,0.000000000000000000e+00,0.000000000000000000e+00,2.779252231121063232e-01,0.000000000000000000e+00,2.129583619534969330e-02,0.000000000000000000e+00,4.640448093414306641e-01,5.190582573413848877e-02,2.269426882266998291e-01,0.000000000000000000e+00,3.157455027103424072e-01,2.199788242578506470e-01,0.000000000000000000e+00,3.180003762245178223e-01,1.928300857543945312e-01,3.048600912094116211e+00,0.000000000000000000e+00,0.000000000000000000e+00,9.469439089298248291e-02,0.000000000000000000e+00,0.000000000000000000e+00,7.033837437629699707e-01,0.000000000000000000e+00,9.875359386205673218e-02,0.000000000000000000e+00,2.882189154624938965e-01,1.543779671192169189e-01,0.000000000000000000e+00,2.873131036758422852e-01,1.113557517528533936e-01,0.000000000000000000e+00,0.000000000000000000e+00,0.000000000000000000e+00,7.872379571199417114e-02,0.000000000000000000e+00,0.000000000000000000e+00,0.000000000000000000e+00,3.472944349050521851e-02,0.000000000000000000e+00,5.481022596359252930e-01,2.989244833588600159e-02,7.387543469667434692e-02,6.393680572509765625e-01,0.000000000000000000e+00,0.000000000000000000e+00,4.648073762655258179e-02,0.000000000000000000e+00,1.502512991428375244e-01,2.419434338808059692e-01,7.900789976119995117e-01,0.000000000000000000e+00,5.840529501438140869e-02,5.544988065958023071e-02,3.113777935504913330e-01,0.000000000000000000e+00,7.396678328514099121e-01,0.000000000000000000e+00,4.094471633434295654e-01,0.000000000000000000e+00,1.285277128219604492e+00,3.113428689539432526e-02,1.514066010713577271e-02,4.116465896368026733e-02,0.000000000000000000e+00,0.000000000000000000e+00,1.894464790821075439e-01,1.607590913772583008e-02,5.672803521156311035e-01,0.000000000000000000e+00,6.336622685194015503e-02,1.010113675147294998e-02,1.844144240021705627e-02,5.731096118688583374e-02,0.000000000000000000e+00,0.000000000000000000e+00,0.000000000000000000e+00,0.000000000000000000e+00,3.419042378664016724e-02,0.000000000000000000e+00,2.139756977558135986e-01,0.000000000000000000e+00,0.000000000000000000e+00,0.000000000000000000e+00,1.228892922401428223e+00,7.385565042495727539e-01,0.000000000000000000e+00,0.000000000000000000e+00,0.000000000000000000e+00,3.782780468463897705e-01,7.053354289382696152e-03,3.073850870132446289e-01,0.000000000000000000e+00,6.768970489501953125e-01,0.000000000000000000e+00,0.000000000000000000e+00,0.000000000000000000e+00,0.000000000000000000e+00,0.000000000000000000e+00,0.000000000000000000e+00,0.000000000000000000e+00,8.786258101463317871e-01,0.000000000000000000e+00,3.675111532211303711e-01,3.853894770145416260e-01,0.000000000000000000e+00,1.583528369665145874e-01,2.127054333686828613e-02,0.000000000000000000e+00,3.178757429122924805e-01,0.000000000000000000e+00,3.773449957370758057e-01,6.361293792724609375e-02,1.735122799873352051e+00,7.266108393669128418e-01,2.143103629350662231e-02,0.000000000000000000e+00,0.000000000000000000e+00,0.000000000000000000e+00
3.741024527698755264e-03,6.198677420616149902e-01,0.000000000000000000e+00,1.726833134889602661e-01,5.251886248588562012e-01,0.000000000000000000e+00,6.919376552104949951e-02,8.628175407648086548e-02,0.000000000000000000e+00,1.995399296283721924e-01,0.000000000000000000e+00,0.000000000000000000e+00,2.779252231121063232e-01,0.000000000000000000e+00,2.129583619534969330e-02,0.000000000000000000e+00,4.640448093414306641e-01,5.190582573413848877e-02,2.269426882266998291e-01,0.000000000000000000e+00,3.157455027103424072e-01,2.199788242578506470e-01,0.000000000000000000e+00,3.180003762245178223e-01,1.928300857543945312e-01,3.048600912094116211e+00,0.000000000000000000e+00,0.000000000000000000e+00,9.469439089298248291e-02,0.000000000000000000e+00,0.000000000000000000e+00,7.033837437629699707e-01,0.000000000000000000e+00,9.875359386205673218e-02,0.000000000000000000e+00,2.882189154624938965e-01,1.543779671192169189e-01,0.000000000000000000e+00,2.873131036758422852e-01,1.113557517528533936e-01,0.000000000000000000e+00,0.000000000000000000e+00,0.000000000000000000e+00,7.872379571199417114e-02,0.000000000000000000e+00,0.000000000000000000e+00,0.000000000000000000e+00,3.472944349050521851e-02,0.000000000000000000e+00,5.481022596359252930e-01,2.989244833588600159e-02,7.387543469667434692e-02,6.393680572509765625e-01,0.000000000000000000e+00,0.000000000000000000e+00,4.648073762655258179e-02,0.000000000000000000e+00,1.502512991428375244e-01,2.419434338808059692e-01,7.900789976119995117e-01,0.000000000000000000e+00,5.840529501438140869e-02,5.544988065958023071e-02,3.113777935504913330e-01,0.000000000000000000e+00,7.396678328514099121e-01,0.000000000000000000e+00,4.094471633434295654e-01,0.000000000000000000e+00,1.285277128219604492e+00,3.113428689539432526e-02,1.514066010713577271e-02,4.116465896368026733e-02,0.000000000000000000e+00,0.000000000000000000e+00,1.894464790821075439e-01,1.607590913772583008e-02,5.672803521156311035e-01,0.000000000000000000e+00,6.336622685194015503e-02,1.010113675147294998e-02,1.844144240021705627e-02,5.731096118688583374e-02,0.000000000000000000e+00,0.000000000000000000e+00,0.000000000000000000e+00,0.000000000000000000e+00,3.419042378664016724e-02,0.000000000000000000e+00,2.139756977558135986e-01,0.000000000000000000e+00,0.000000000000000000e+00,0.000000000000000000e+00,1.228892922401428223e+00,7.385565042495727539e-01,0.000000000000000000e+00,0.000000000000000000e+00,0.000000000000000000e+00,3.782780468463897705e-01,7.053354289382696152e-03,3.073850870132446289e-01,0.000000000000000000e+00,6.768970489501953125e-01,0.000000000000000000e+00,0.000000000000000000e+00,0.000000000000000000e+00,0.000000000000000000e+00,0.000000000000000000e+00,0.000000000000000000e+00,0.000000000000000000e+00,8.786258101463317871e-01,0.000000000000000000e+00,3.675111532211303711e-01,3.853894770145416260e-01,0.000000000000000000e+00,1.583528369665145874e-01,2.127054333686828613e-02,0.000000000000000000e+00,3.178757429122924805e-01,0.000000000000000000e+00,3.773449957370758057e-01,6.361293792724609375e-02,1.735122799873352051e+00,7.266108393669128418e-01,2.143103629350662231e-02,0.000000000000000000e+00,0.000000000000000000e+00,0.000000000000000000e+00
2.811263203620910645e-01,6.281225681304931641e-01,0.000000000000000000e+00,1.293808072805404663e-01,1.661788821220397949e-01,0.000000000000000000e+00,7.476314902305603027e-02,0.000000000000000000e+00,0.000000000000000000e+00,7.009021639823913574e-01,0.000000000000000000e+00,0.000000000000000000e+00,3.760878741741180420e-01,0.000000000000000000e+00,0.000000000000000000e+00,2.649280615150928497e-02,1.234763979911804199e+00,1.538990736007690430e-01,4.673046246170997620e-02,0.000000000000000000e+00,8.662707358598709106e-02,2.821918018162250519e-02,0.000000000000000000e+00,4.056086540222167969e-01,6.167773604393005371e-01,2.696877479553222656e+00,0.000000000000000000e+00,0.000000000000000000e+00,0.000000000000000000e+00,0.000000000000000000e+00,0.000000000000000000e+00,2.162763178348541260e-01,0.000000000000000000e+00,0.000000000000000000e+00,7.277271151542663574e-02,4.762222170829772949e-01,5.695210695266723633e-01,0.000000000000000000e+00,2.873476743698120117e-01,2.089609056711196899e-01,0.000000000000000000e+00,0.000000000000000000e+00,0.000000000000000000e+00,2.503538131713867188e-01,0.000000000000000000e+00,1.084374189376831055e-01,7.215614616870880127e-02,1.601964533329010010e-01,0.000000000000000000e+00,7.773170471191406250e-01,6.836105883121490479e-02,9.194497019052505493e-03,7.915452718734741211e-01,2.309861183166503906e-01,0.000000000000000000e+00,7.237419486045837402e-02,0.000000000000000000e+00,1.063827514648437500e+00,6.142471358180046082e-02,1.583353519439697266e+00,0.000000000000000000e+00,0.000000000000000000e+00,3.057653307914733887e-01,1.857150532305240631e-02,0.000000000000000000e+00,7.586600780487060547e-01,0.000000000000000000e+00,3.780369162559509277e-01,0.000000000000000000e+00,5.781741142272949219e-01,9.532426297664642334e-02,0.000000000000000000e+00,1.020978540182113647e-01,0.000000000000000000e+00,0.000000000000000000e+00,8.033696562051773071e-02,8.396475762128829956e-02,6.558563113212585449e-01,0.000000000000000000e+00,1.161827594041824341e-01,0.000000000000000000e+00,0.000000000000000000e+00,0.000000000000000000e+00,1.334306783974170685e-02,0.000000000000000000e+00,0.000000000000000000e+00,0.000000000000000000e+00,0.000000000000000000e+00,3.942394256591796875e-02,3.891376852989196777e-01,0.000000000000000000e+00,0.000000000000000000e+00,0.000000000000000000e+00,8.611900806427001953e-01,7.122285664081573486e-02,0.000000000000000000e+00,0.000000000000000000e+00,1.236177310347557068e-01,3.503549993038177490e-01,6.522494554519653320e-02,0.000000000000000000e+00,2.004463784396648407e-02,9.551879763603210449e-01,0.000000000000000000e+00,0.000000000000000000e+00,0.000000000000000000e+00,1.681407541036605835e-01,0.000000000000000000e+00,0.000000000000000000e+00,0.000000000000000000e+00,4.835234582424163818e-01,0.000000000000000000e+00,8.233074098825454712e-02,8.259853720664978027e-02,0.000000000000000000e+00,3.269324600696563721e-01,1.187574043869972229e-01,4.661506041884422302e-02,2.890302538871765137e-01,6.722742319107055664e-02,0.000000000000000000e+00,1.672467291355133057e-01,1.712352275848388672e+00,9.534091949462890625e-01,0.000000000000000000e+00,2.910165861248970032e-02,6.458713114261627197e-02,0.000000000000000000e+00
2.811263203620910645e-01,6.281225681304931641e-01,0.000000000000000000e+00,1.293808072805404663e-01,1.661788821220397949e-01,0.000000000000000000e+00,7.476314902305603027e-02,0.000000000000000000e+00,0.000000000000000000e+00,7.009021639823913574e-01,0.000000000000000000e+00,0.000000000000000000e+00,3.760878741741180420e-01,0.000000000000000000e+00,0.000000000000000000e+00,2.649280615150928497e-02,1.234763979911804199e+00,1.538990736007690430e-01,4.673046246170997620e-02,0.000000000000000000e+00,8.662707358598709106e-02,2.821918018162250519e-02,0.000000000000000000e+00,4.056086540222167969e-01,6.167773604393005371e-01,2.696877479553222656e+00,0.000000000000000000e+00,0.000000000000000000e+00,0.000000000000000000e+00,0.000000000000000000e+00,0.000000000000000000e+00,2.162763178348541260e-01,0.000000000000000000e+00,0.000000000000000000e+00,7.277271151542663574e-02,4.762222170829772949e-01,5.695210695266723633e-01,0.000000000000000000e+00,2.873476743698120117e-01,2.089609056711196899e-01,0.000000000000000000e+00,0.000000000000000000e+00,0.000000000000000000e+00,2.503538131713867188e-01,0.000000000000000000e+00,1.084374189376831055e-01,7.215614616870880127e-02,1.601964533329010010e-01,0.000000000000000000e+00,7.773170471191406250e-01,6.836105883121490479e-02,9.194497019052505493e-03,7.915452718734741211e-01,2.309861183166503906e-01,0.000000000000000000e+00,7.237419486045837402e-02,0.000000000000000000e+00,1.063827514648437500e+00,6.142471358180046082e-02,1.583353519439697266e+00,0.000000000000000000e+00,0.000000000000000000e+00,3.057653307914733887e-01,1.857150532305240631e-02,0.000000000000000000e+00,7.586600780487060547e-01,0.000000000000000000e+00,3.780369162559509277e-01,0.000000000000000000e+00,5.781741142272949219e-01,9.532426297664642334e-02,0.000000000000000000e+00,1.020978540182113647e-01,0.000000000000000000e+00,0.000000000000000000e+00,8.033696562051773071e-02,8.396475762128829956e-02,6.558563113212585449e-01,0.000000000000000000e+00,1.161827594041824341e-01,0.000000000000000000e+00,0.000000000000000000e+00,0.000000000000000000e+00,1.334306783974170685e-02,0.000000000000000000e+00,0.000000000000000000e+00,0.000000000000000000e+00,0.000000000000000000e+00,3.942394256591796875e-02,3.891376852989196777e-01,0.000000000000000000e+00,0.000000000000000000e+00,0.000000000000000000e+00,8.611900806427001953e-01,7.122285664081573486e-02,0.000000000000000000e+00,0.000000000000000000e+00,1.236177310347557068e-01,3.503549993038177490e-01,6.522494554519653320e-02,0.000000000000000000e+00,2.004463784396648407e-02,9.551879763603210449e-01,0.000000000000000000e+00,0.000000000000000000e+00,0.000000000000000000e+00,1.681407541036605835e-01,0.000000000000000000e+00,0.000000000000000000e+00,0.000000000000000000e+00,4.835234582424163818e-01,0.000000000000000000e+00,8.233074098825454712e-02,8.259853720664978027e-02,0.000000000000000000e+00,3.269324600696563721e-01,1.187574043869972229e-01,4.661506041884422302e-02,2.890302538871765137e-01,6.722742319107055664e-02,0.000000000000000000e+00,1.672467291355133057e-01,1.712352275848388672e+00,9.534091949462890625e-01,0.000000000000000000e+00,2.910165861248970032e-02,6.458713114261627197e-02,0.000000000000000000e+00
0.000000000000000000e+00,1.021598815917968750e+00,0.000000000000000000e+00,7.452210411429405212e-03,1.097178459167480469e+00,0.000000000000000000e+00,2.591603696346282959e-01,0.000000000000000000e+00,0.000000000000000000e+00,2.872902750968933105e-01,0.000000000000000000e+00,0.000000000000000000e+00,5.742848515510559082e-01,0.000000000000000000e+00,1.065889559686183929e-02,9.504863992333412170e-03,1.247312784194946289e+00,8.301619440317153931e-02,2.972610294818878174e-01,0.000000000000000000e+00,4.151157736778259277e-01,3.311565816402435303e-01,0.000000000000000000e+00,2.623568773269653320e-01,4.568259716033935547e-01,2.782072782516479492e+00,0.000000000000000000e+00,0.000000000000000000e+00,0.000000000000000000e+00,0.000000000000000000e+00,1.578745841979980469e-01,3.462156653404235840e-02,0.000000000000000000e+00,5.835621431469917297e-02,0.000000000000000000e+00,1.285896152257919312e-01,4.952615499496459961e-01,2.354380041360855103e-01,1.029340624809265137e-01,0.000000000000000000e+00,0.000000000000000000e+00,0.000000000000000000e+00,0.000000000000000000e+00,2.926279231905937195e-02,0.000000000000000000e+00,3.438992798328399658e-02,0.000000000000000000e+00,8.655567467212677002e-02,0.000000000000000000e+00,2.416207492351531982e-01,0.000000000000000000e+00,2.771344408392906189e-02,1.450474143028259277e+00,3.027387708425521851e-02,0.000000000000000000e+00,8.964488655328750610e-02,0.000000000000000000e+00,7.197330594062805176e-01,5.631136894226074219e-01,7.870883345603942871e-01,1.707082539796829224e-01,0.000000000000000000e+00,1.968120187520980835e-01,3.653410971164703369e-01,0.000000000000000000e+00,4.533062577247619629e-01,0.000000000000000000e+00,1.743534803390502930e-01,0.000000000000000000e+00,5.265144705772399902e-01,2.840053662657737732e-02,4.687830805778503418e-02,0.000000000000000000e+00,0.000000000000000000e+00,0.000000000000000000e+00,1.109827607870101929e-01,0.000000000000000000e+00,9.196888804435729980e-01,0.000000000000000000e+00,1.644413918256759644e-01,0.000000000000000000e+00,0.000000000000000000e+00,3.170337677001953125e-01,0.000000000000000000e+00,0.000000000000000000e+00,0.000000000000000000e+00,0.000000000000000000e+00,0.000000000000000000e+00,4.246912896633148193e-03,6.118286848068237305e-01,6.488888710737228394e-02,0.000000000000000000e+00,0.000000000000000000e+00,9.858799576759338379e-01,4.655123949050903320e-01,0.000000000000000000e+00,0.000000000000000000e+00,0.000000000000000000e+00,2.136582732200622559e-01,0.000000000000000000e+00,6.410737335681915283e-02,1.262230426073074341e-02,7.752410173416137695e-01,0.000000000000000000e+00,0.000000000000000000e+00,0.000000000000000000e+00,4.509489238262176514e-02,0.000000000000000000e+00,0.000000000000000000e+00,0.000000000000000000e+00,1.020994544029235840e+00,0.000000000000000000e+00,8.467516303062438965e-02,1.519411206245422363e-01,0.000000000000000000e+00,5.448564887046813965e-01,6.799916923046112061e-02,1.431238651275634766e-01,1.656721830368041992e-01,5.740359425544738770e-03,8.967268466949462891e-02,1.120436191558837891e-01,1.514065384864807129e+00,1.107373356819152832e+00,5.468470603227615356e-02,3.575059399008750916e-02,0.000000000000000000e+00,0.000000000000000000e+00
3.993209823966026306e-02,4.295462965965270996e-01,0.000000000000000000e+00,2.813109755516052246e-01,2.109185978770256042e-02,0.000000000000000000e+00,2.686562538146972656e-01,4.481024742126464844e-01,0.000000000000000000e+00,4.384583830833435059e-01,1.537144631147384644e-01,0.000000000000000000e+00,0.000000000000000000e+00,0.000000000000000000e+00,1.488865315914154053e-01,3.701969981193542480e-01,7.389149069786071777e-01,2.951606363058090210e-02,2.077481299638748169e-01,0.000000000000000000e+00,1.912869364023208618e-01,5.064421296119689941e-01,0.000000000000000000e+00,9.320384263992309570e-01,1.019405245780944824e+00,3.001797914505004883e+00,0.000000000000000000e+00,0.000000000000000000e+00,1.878704726696014404e-01,0.000000000000000000e+00,0.000000000000000000e+00,0.000000000000000000e+00,0.000000000000000000e+00,1.048115491867065430e+00,6.360416300594806671e-04,3.883613646030426025e-02,1.852937340736389160e-01,4.169239848852157593e-02,5.478447675704956055e-02,1.067155748605728149e-01,0.000000000000000000e+00,2.559530921280384064e-02,0.000000000000000000e+00,0.000000000000000000e+00,0.000000000000000000e+00,7.096218410879373550e-03,2.392337843775749207e-02,4.149074256420135498e-01,0.000000000000000000e+00,6.635860204696655273e-01,3.538323640823364258e-01,3.143123984336853027e-01,9.933677911758422852e-01,5.256098508834838867e-02,0.000000000000000000e+00,0.000000000000000000e+00,0.000000000000000000e+00,9.849253296852111816e-01,1.013838648796081543e+00,2.335916757583618164e-01,0.000000000000000000e+00,0.000000000000000000e+00,2.139875441789627075e-01,6.094457507133483887e-01,0.000000000000000000e+00,1.967298537492752075e-01,8.469994366168975830e-02,1.899174600839614868e-02,0.000000000000000000e+00,0.000000000000000000e+00,3.623482584953308105e-01,1.058118820190429688e+00,3.022462502121925354e-02,0.000000000000000000e+00,0.000000000000000000e+00,7.135721854865550995e-03,0.000000000000000000e+00,5.373687744140625000e-01,0.000000000000000000e+00,2.047254741191864014e-01,0.000000000000000000e+00,8.453009277582168579e-02,3.739603757858276367e-01,0.000000000000000000e+00,0.000000000000000000e+00,0.000000000000000000e+00,0.000000000000000000e+00,1.352130994200706482e-02,1.027474999427795410e-01,9.369516968727111816e-01,2.502868771553039551e-01,0.000000000000000000e+00,0.000000000000000000e+00,1.137219429016113281e+00,2.197293005883693695e-02,0.000000000000000000e+00,0.000000000000000000e+00,2.232492268085479736e-01,6.922872066497802734e-01,0.000000000000000000e+00,0.000000000000000000e+00,1.185018777847290039e+00,1.955087333917617798e-01,0.000000000000000000e+00,0.000000000000000000e+00,0.000000000000000000e+00,3.457770124077796936e-02,0.000000000000000000e+00,0.000000000000000000e+00,0.000000000000000000e+00,9.918388724327087402e-02,0.000000000000000000e+00,4.141760468482971191e-01,2.588815391063690186e-01,0.000000000000000000e+00,9.925404787063598633e-01,6.511620283126831055e-01,7.214821577072143555e-01,1.121197938919067383e+00,0.000000000000000000e+00,0.000000000000000000e+00,4.266054034233093262e-01,1.783870816230773926e+00,2.378890216350555420e-01,3.035498857498168945e-01,3.889502026140689850e-03,0.000000000000000000e+00,0.000000000000000000e+00
3.993209823966026306e-02,4.295462965965270996e-01,0.000000000000000000e+00,2.813109755516052246e-01,2.109185978770256042e-02,0.000000000000000000e+00,2.686562538146972656e-01,4.481024742126464844e-01,0.000000000000000000e+00,4.384583830833435059e-01,1.537144631147384644e-01,0.000000000000000000e+00,0.000000000000000000e+00,0.000000000000000000e+00,1.488865315914154053e-01,3.701969981193542480e-01,7.389149069786071777e-01,2.951606363058090210e-02,2.077481299638748169e-01,0.000000000000000000e+00,1.912869364023208618e-01,5.064421296119689941e-01,0.000000000000000000e+00,9.320384263992309570e-01,1.019405245780944824e+00,3.001797914505004883e+00,0.000000000000000000e+00,0.000000000000000000e+00,1.878704726696014404e-01,0.000000000000000000e+00,0.000000000000000000e+00,0.000000000000000000e+00,0.000000000000000000e+00,1.048115491867065430e+00,6.360416300594806671e-04,3.883613646030426025e-02,1.852937340736389160e-01,4.169239848852157593e-02,5.478447675704956055e-02,1.067155748605728149e-01,0.000000000000000000e+00,2.559530921280384064e-02,0.000000000000000000e+00,0.000000000000000000e+00,0.000000000000000000e+00,7.096218410879373550e-03,2.392337843775749207e-02,4.149074256420135498e-01,0.000000000000000000e+00,6.635860204696655273e-01,3.538323640823364258e-01,3.143123984336853027e-01,9.933677911758422852e-01,5.256098508834838867e-02,0.000000000000000000e+00,0.000000000000000000e+00,0.000000000000000000e+00,9.849253296852111816e-01,1.013838648796081543e+00,2.335916757583618164e-01,0.000000000000000000e+00,0.000000000000000000e+00,2.139875441789627075e-01,6.094457507133483887e-01,0.000000000000000000e+00,1.967298537492752075e-01,8.469994366168975830e-02,1.899174600839614868e-02,0.000000000000000000e+00,0.000000000000000000e+00,3.623482584953308105e-01,1.058118820190429688e+00,3.022462502121925354e-02,0.000000000000000000e+00,0.000000000000000000e+00,7.135721854865550995e-03,0.000000000000000000e+00,5.373687744140625000e-01,0.000000000000000000e+00,2.047254741191864014e-01,0.000000000000000000e+00,8.453009277582168579e-02,3.739603757858276367e-01,0.000000000000000000e+00,0.000000000000000000e+00,0.000000000000000000e+00,0.000000000000000000e+00,1.352130994200706482e-02,1.027474999427795410e-01,9.369516968727111816e-01,2.502868771553039551e-01,0.000000000000000000e+00,0.000000000000000000e+00,1.137219429016113281e+00,2.197293005883693695e-02,0.000000000000000000e+00,0.000000000000000000e+00,2.232492268085479736e-01,6.922872066497802734e-01,0.000000000000000000e+00,0.000000000000000000e+00,1.185018777847290039e+00,1.955087333917617798e-01,0.000000000000000000e+00,0.000000000000000000e+00,0.000000000000000000e+00,3.457770124077796936e-02,0.000000000000000000e+00,0.000000000000000000e+00,0.000000000000000000e+00,9.918388724327087402e-02,0.000000000000000000e+00,4.141760468482971191e-01,2.588815391063690186e-01,0.000000000000000000e+00,9.925404787063598633e-01,6.511620283126831055e-01,7.214821577072143555e-01,1.121197938919067383e+00,0.000000000000000000e+00,0.000000000000000000e+00,4.266054034233093262e-01,1.783870816230773926e+00,2.378890216350555420e-01,3.035498857498168945e-01,3.889502026140689850e-03,0.000000000000000000e+00,0.000000000000000000e+00
8.144714683294296265e-02,1.904541552066802979e-01,0.000000000000000000e+00,2.566218376159667969e-03,6.463470309972763062e-02,0.000000000000000000e+00,1.034383326768875122e-01,4.352716207504272461e-01,0.000000000000000000e+00,4.262966513633728027e-01,8.889202028512954712e-02,0.000000000000000000e+00,9.220193326473236084e-02,0.000000000000000000e+00,1.827247738838195801e-01,1.305508315563201904e-01,5.855323076248168945e-01,3.667705506086349487e-02,0.000000000000000000e+00,0.000000000000000000e+00,1.635436117649078369e-01,7.887300252914428711e-01,0.000000000000000000e+00,6.625249385833740234e-01,6.470234394073486328e-01,2.791323184967041016e+00,0.000000000000000000e+00,0.000000000000000000e+00,2.220728248357772827e-01,0.000000000000000000e+00,0.000000000000000000e+00,0.000000000000000000e+00,0.000000000000000000e+00,6.485190987586975098e-01,0.000000000000000000e+00,6.586758792400360107e-02,3.145738244056701660e-01,7.118694484233856201e-04,8.660757541656494141e-02,4.092173650860786438e-02,0.000000000000000000e+00,0.000000000000000000e+00,0.000000000000000000e+00,0.000000000000000000e+00,0.000000000000000000e+00,0.000000000000000000e+00,2.009443379938602448e-02,2.257488220930099487e-01,0.000000000000000000e+00,2.955322563648223877e-01,5.318307504057884216e-02,5.616083145141601562e-01,1.036782503128051758e+00,0.000000000000000000e+00,0.000000000000000000e+00,1.133405603468418121e-02,0.000000000000000000e+00,3.092581629753112793e-01,9.974260330200195312e-01,3.729741871356964111e-01,0.000000000000000000e+00,4.764964431524276733e-02,1.358514744788408279e-02,8.959670066833496094e-01,0.000000000000000000e+00,3.989895582199096680e-01,0.000000000000000000e+00,0.000000000000000000e+00,0.000000000000000000e+00,7.635544240474700928e-02,1.076712384819984436e-01,7.073142528533935547e-01,2.047928795218467712e-02,0.000000000000000000e+00,0.000000000000000000e+00,0.000000000000000000e+00,0.000000000000000000e+00,1.030599355697631836e+00,0.000000000000000000e+00,2.206442803144454956e-01,0.000000000000000000e+00,2.941435761749744415e-02,1.331045776605606079e-01,0.000000000000000000e+00,0.000000000000000000e+00,0.000000000000000000e+00,0.000000000000000000e+00,0.000000000000000000e+00,0.000000000000000000e+00,7.892195582389831543e-01,7.035472989082336426e-02,0.000000000000000000e+00,0.000000000000000000e+00,1.136199951171875000e+00,1.581522822380065918e-01,0.000000000000000000e+00,0.000000000000000000e+00,2.477817237377166748e-02,4.939572811126708984e-01,0.000000000000000000e+00,8.372420445084571838e-03,6.371093988418579102e-01,1.226796880364418030e-01,0.000000000000000000e+00,0.000000000000000000e+00,0.000000000000000000e+00,0.000000000000000000e+00,0.000000000000000000e+00,0.000000000000000000e+00,0.000000000000000000e+00,2.053975313901901245e-01,0.000000000000000000e+00,2.609491348266601562e-01,2.120284438133239746e-01,0.000000000000000000e+00,8.184435367584228516e-01,5.437889099121093750e-01,7.068652510643005371e-01,3.402648568153381348e-01,0.000000000000000000e+00,0.000000000000000000e+00,5.554311275482177734e-01,1.493736267089843750e+00,1.611447185277938843e-01,5.101769566535949707e-01,0.000000000000000000e+00,0.000000000000000000e+00,0.000000000000000000e+00
2.728134393692016602e-02,5.964107513427734375e-01,0.000000000000000000e+00,6.311805546283721924e-02,1.332166433334350586e+00,0.000000000000000000e+00,1.408066153526306152e-01,0.000000000000000000e+00,0.000000000000000000e+00,1.552025377750396729e-01,0.000000000000000000e+00,0.000000000000000000e+00,5.231547951698303223e-01,0.000000000000000000e+00,8.450014516711235046e-03,3.398936986923217773e-02,5.143307447433471680e-01,5.078781396150588989e-05,2.012664824724197388e-01,0.000000000000000000e+00,5.011175274848937988e-01,0.000000000000000000e+00,0.000000000000000000e+00,2.312426120042800903e-01,2.871834039688110352e-01,3.016094207763671875e+00,0.000000000000000000e+00,0.000000000000000000e+00,1.145093291997909546e-01,5.737709999084472656e-02,1.288916170597076416e-01,6.966489553451538086e-01,0.000000000000000000e+00,2.288811653852462769e-01,1.072715222835540771e-01,5.008693933486938477e-01,6.728390455245971680e-01,3.813923150300979614e-02,2.900261282920837402e-01,0.000000000000000000e+00,0.000000000000000000e+00,0.000000000000000000e+00,0.000000000000000000e+00,8.173003792762756348e-02,0.000000000000000000e+00,0.000000000000000000e+00,5.129180848598480225e-02,2.445392683148384094e-02,0.000000000000000000e+00,8.325636982917785645e-01,1.790453866124153137e-02,0.000000000000000000e+00,6.849393248558044434e-01,2.365854680538177490e-01,0.000000000000000000e+00,6.600849330425262451e-02,2.687772549688816071e-02,2.563415765762329102e-01,2.011123448610305786e-01,9.532988667488098145e-01,0.000000000000000000e+00,1.753891855478286743e-01,2.608638405799865723e-01,8.453543484210968018e-02,0.000000000000000000e+00,6.600586771965026855e-01,0.000000000000000000e+00,5.741761326789855957e-01,0.000000000000000000e+00,9.977149367332458496e-01,1.198285669088363647e-01,0.000000000000000000e+00,4.580357298254966736e-02,0.000000000000000000e+00,0.000000000000000000e+00,3.580922633409500122e-02,2.548043057322502136e-02,4.541105628013610840e-01,0.000000000000000000e+00,0.000000000000000000e+00,6.316632032394409180e-02,2.444172278046607971e-03,1.285641342401504517e-01,2.776034735143184662e-02,0.000000000000000000e+00,0.000000000000000000e+00,0.000000000000000000e+00,1.227311789989471436e-02,1.367516368627548218e-01,3.884232640266418457e-01,0.000000000000000000e+00,0.000000000000000000e+00,0.000000000000000000e+00,6.712459325790405273e-01,6.900835633277893066e-01,0.000000000000000000e+00,0.000000000000000000e+00,0.000000000000000000e+00,3.602476119995117188e-01,2.320128679275512695e-01,2.967450916767120361e-01,4.354303702712059021e-03,8.266299366950988770e-01,0.000000000000000000e+00,0.000000000000000000e+00,0.000000000000000000e+00,1.363951861858367920e-01,0.000000000000000000e+00,0.000000000000000000e+00,0.000000000000000000e+00,7.859638929367065430e-01,0.000000000000000000e+00,2.663944661617279053e-01,1.031297147274017334e-01,0.000000000000000000e+00,2.498668134212493896e-01,9.282395243644714355e-03,0.000000000000000000e+00,1.099549457430839539e-01,6.408989429473876953e-05,3.664625287055969238e-01,4.702083766460418701e-02,1.605040907859802246e+00,6.247241497039794922e-01,9.325183928012847900e-03,1.147976219654083252e-01,2.215507328510284424e-01,0.000000000000000000e+00
5.689592957496643066e-01,6.847121715545654297e-01,0.000000000000000000e+00,1.671009510755538940e-01,3.444180786609649658e-01,0.000000000000000000e+00,4.743250906467437744e-01,3.322191238403320312e-01,0.000000000000000000e+00,3.242824375629425049e-01,4.019434452056884766e-01,4.583365619182586670e-01,4.240050166845321655e-02,0.000000000000000000e+00,4.802272319793701172e-01,1.262459009885787964e-01,4.620096683502197266e-01,3.417048752307891846e-01,3.393003940582275391e-01,0.000000000000000000e+00,2.822099030017852783e-01,1.444270759820938110e-01,0.000000000000000000e+00,4.173533618450164795e-01,4.246887862682342529e-01,2.636375188827514648e+00,0.000000000000000000e+00,0.000000000000000000e+00,3.770530819892883301e-01,1.030095964670181274e-01,1.797851622104644775e-01,0.000000000000000000e+00,0.000000000000000000e+00,3.241813182830810547e-01,4.672683402895927429e-02,4.791931509971618652e-01,8.897335827350616455e-02,8.205524086952209473e-02,7.017948031425476074e-01,1.677764058113098145e-01,0.000000000000000000e+00,6.155660152435302734e-01,0.000000000000000000e+00,0.000000000000000000e+00,0.000000000000000000e+00,4.217609763145446777e-02,3.108741939067840576e-01,4.520978927612304688e-01,0.000000000000000000e+00,5.503253936767578125e-01,3.756743967533111572e-01,4.216563999652862549e-01,7.089643478393554688e-01,0.000000000000000000e+00,0.000000000000000000e+00,6.812195181846618652e-01,4.810444265604019165e-02,2.250166088342666626e-01,7.898415923118591309e-01,4.689831435680389404e-01,0.000000000000000000e+00,2.406161129474639893e-01,2.554756402969360352e-01,4.545457065105438232e-01,0.000000000000000000e+00,6.942877769470214844e-01,1.221194788813591003e-01,4.631162285804748535e-01,0.000000000000000000e+00,0.000000000000000000e+00,6.222518533468246460e-02,4.095014333724975586e-01,3.051154017448425293e-01,0.000000000000000000e+00,0.000000000000000000e+00,4.075428098440170288e-02,3.761953115463256836e-02,9.634928703308105469e-01,0.000000000000000000e+00,2.549729943275451660e-01,3.769354224205017090e-01,5.939286202192306519e-02,3.901713788509368896e-01,7.299502938985824585e-02,0.000000000000000000e+00,0.000000000000000000e+00,0.000000000000000000e+00,0.000000000000000000e+00,4.088855534791946411e-02,8.006494045257568359e-01,3.256266191601753235e-02,0.000000000000000000e+00,0.000000000000000000e+00,9.371210932731628418e-01,2.558351755142211914e-01,0.000000000000000000e+00,3.823053240776062012e-01,1.562483906745910645e-01,3.444546163082122803e-01,1.146131083369255066e-01,6.906521320343017578e-02,4.821363389492034912e-01,2.943600714206695557e-02,0.000000000000000000e+00,0.000000000000000000e+00,0.000000000000000000e+00,8.736391365528106689e-02,0.000000000000000000e+00,0.000000000000000000e+00,2.470279932022094727e-01,2.587426900863647461e-01,0.000000000000000000e+00,5.412772893905639648e-01,3.744810819625854492e-01,0.000000000000000000e+00,7.891974449157714844e-01,1.352642625570297241e-01,5.058524608612060547e-01,4.661852121353149414e-01,0.000000000000000000e+00,0.000000000000000000e+00,9.683383107185363770e-01,1.580612063407897949e+00,3.922398686408996582e-01,5.821875482797622681e-02,3.332937061786651611e-01,0.000000000000000000e+00,0.000000000000000000e+00
2.535915672779083252e-01,3.814624845981597900e-01,0.000000000000000000e+00,1.546570956707000732e-01,1.004194021224975586e+00,0.000000000000000000e+00,9.358154609799385071e-03,5.971998721361160278e-02,0.000000000000000000e+00,1.982723921537399292e-02,4.059280082583427429e-02,7.236417382955551147e-02,1.493572741746902466e-01,0.000000000000000000e+00,4.454490244388580322e-01,7.697333395481109619e-02,8.025582432746887207e-01,8.102907240390777588e-02,2.113757580518722534e-01,0.000000000000000000e+00,2.847593277692794800e-02,1.175126731395721436e-01,0.000000000000000000e+00,5.674765706062316895e-01,3.527711331844329834e-01,3.150682926177978516e+00,0.000000000000000000e+00,0.000000000000000000e+00,2.999074757099151611e-01,0.000000000000000000e+00,3.657003641128540039e-01,4.749520123004913330e-02,0.000000000000000000e+00,2.625214457511901855e-01,0.000000000000000000e+00,9.270194172859191895e-02,2.803540527820587158e-01,0.000000000000000000e+00,6.748592257499694824e-01,0.000000000000000000e+00,0.000000000000000000e+00,2.845845222473144531e-01,0.000000000000000000e+00,1.418847311288118362e-02,0.000000000000000000e+00,1.775838248431682587e-02,1.851641982793807983e-01,2.453582584857940674e-01,0.000000000000000000e+00,7.190444469451904297e-01,1.910274028778076172e-01,1.736666858196258545e-01,9.346436858177185059e-01,0.000000000000000000e+00,0.000000000000000000e+00,3.155091404914855957e-01,0.000000000000000000e+00,9.745174646377563477e-02,3.837999105453491211e-01,2.290880233049392700e-01,5.582880973815917969e-02,5.149716138839721680e-02,2.097426503896713257e-01,1.030574560165405273e+00,0.000000000000000000e+00,4.314800500869750977e-01,0.000000000000000000e+00,5.948472619056701660e-01,0.000000000000000000e+00,0.000000000000000000e+00,1.069801673293113708e-01,6.220564842224121094e-01,3.391769826412200928e-01,0.000000000000000000e+00,0.000000000000000000e+00,0.000000000000000000e+00,0.000000000000000000e+00,1.037965774536132812e+00,0.000000000000000000e+00,1.041937097907066345e-01,1.973641961812973022e-01,0.000000000000000000e+00,1.239003464579582214e-01,0.000000000000000000e+00,0.000000000000000000e+00,0.000000000000000000e+00,0.000000000000000000e+00,1.114414073526859283e-02,0.000000000000000000e+00,9.375474452972412109e-01,0.000000000000000000e+00,0.000000000000000000e+00,0.000000000000000000e+00,1.131191134452819824e+00,1.774488538503646851e-01,0.000000000000000000e+00,3.984036296606063843e-02,0.000000000000000000e+00,4.523295164108276367e-01,5.568570271134376526e-02,0.000000000000000000e+00,3.152590990066528320e-01,3.595972061157226562e-01,0.000000000000000000e+00,0.000000000000000000e+00,0.000000000000000000e+00,0.000000000000000000e+00,0.000000000000000000e+00,0.000000000000000000e+00,0.000000000000000000e+00,5.506837368011474609e-01,0.000000000000000000e+00,4.901405572891235352e-01,2.066973447799682617e-01,0.000000000000000000e+00,8.395550847053527832e-01,8.698052167892456055e-02,3.303256332874298096e-01,1.533224433660507202e-02,0.000000000000000000e+00,3.346019238233566284e-02,6.108834147453308105e-01,1.954571366310119629e+00,7.820212841033935547e-02,8.539199829101562500e-02,4.296233877539634705e-02,0.000000000000000000e+00,0.000000000000000000e+00
0.000000000000000000e+00,6.332827806472778320e-01,0.000000000000000000e+00,9.174968302249908447e-02,1.550795674324035645e+00,0.000000000000000000e+00,3.366679847240447998e-01,2.050198242068290710e-02,0.000000000000000000e+00,2.680942416191101074e-02,1.015338525176048279e-01,0.000000000000000000e+00,1.782799810171127319e-01,0.000000000000000000e+00,9.379932284355163574e-02,3.161237761378288269e-02,3.722081482410430908e-01,1.195197999477386475e-01,8.616987466812133789e-01,0.000000000000000000e+00,8.510997295379638672e-01,4.350686073303222656e-02,0.000000000000000000e+00,4.916731715202331543e-01,4.031687378883361816e-01,2.953051328659057617e+00,0.000000000000000000e+00,0.000000000000000000e+00,2.800251841545104980e-01,0.000000000000000000e+00,2.677370905876159668e-01,3.913666009902954102e-01,0.000000000000000000e+00,2.163717150688171387e-02,1.756781339645385742e-02,3.780573308467864990e-01,3.970985710620880127e-01,2.203974276781082153e-01,7.366302609443664551e-02,2.018206566572189331e-02,0.000000000000000000e+00,0.000000000000000000e+00,0.000000000000000000e+00,0.000000000000000000e+00,0.000000000000000000e+00,6.901366263628005981e-02,0.000000000000000000e+00,9.053569287061691284e-03,0.000000000000000000e+00,6.156436204910278320e-01,1.705788541585206985e-03,6.493189930915832520e-02,8.593578338623046875e-01,3.310302793979644775e-01,0.000000000000000000e+00,6.986127793788909912e-02,0.000000000000000000e+00,8.794621378183364868e-02,6.383239030838012695e-01,4.896763265132904053e-01,2.610496580600738525e-01,4.581711813807487488e-02,4.600441455841064453e-01,4.119665622711181641e-01,0.000000000000000000e+00,7.577841281890869141e-01,2.082505077123641968e-02,6.815270185470581055e-01,0.000000000000000000e+00,1.308745145797729492e+00,6.594963371753692627e-02,0.000000000000000000e+00,8.113081753253936768e-02,0.000000000000000000e+00,0.000000000000000000e+00,4.311377704143524170e-01,0.000000000000000000e+00,9.094741940498352051e-01,0.000000000000000000e+00,6.254600733518600464e-02,1.329591274261474609e-01,0.000000000000000000e+00,6.474373340606689453e-01,0.000000000000000000e+00,0.000000000000000000e+00,0.000000000000000000e+00,0.000000000000000000e+00,0.000000000000000000e+00,4.597947746515274048e-02,3.286999464035034180e-01,0.000000000000000000e+00,0.000000000000000000e+00,0.000000000000000000e+00,1.445674657821655273e+00,1.626684069633483887e+00,0.000000000000000000e+00,1.181889921426773071e-01,0.000000000000000000e+00,5.342311859130859375e-01,2.771985344588756561e-02,9.287923574447631836e-01,0.000000000000000000e+00,4.122517704963684082e-01,0.000000000000000000e+00,0.000000000000000000e+00,0.000000000000000000e+00,0.000000000000000000e+00,0.000000000000000000e+00,0.000000000000000000e+00,1.534596979618072510e-01,1.025644540786743164e+00,0.000000000000000000e+00,3.547294139862060547e-01,2.276976555585861206e-01,0.000000000000000000e+00,2.317211925983428955e-01,6.521819531917572021e-02,1.373108029365539551e-01,1.991019695997238159e-01,0.000000000000000000e+00,6.931092143058776855e-01,1.860759556293487549e-01,1.745609760284423828e+00,7.495695948600769043e-01,0.000000000000000000e+00,3.031142652034759521e-01,2.443967945873737335e-02,0.000000000000000000e+00
4.454878717660903931e-02,1.574167728424072266e+00,0.000000000000000000e+00,1.161330379545688629e-02,1.308215975761413574e+00,0.000000000000000000e+00,4.867920652031898499e-02,1.079239919781684875e-01,0.000000000000000000e+00,5.424427390098571777e-01,6.460291147232055664e-02,0.000000000000000000e+00,9.629951119422912598e-01,0.000000000000000000e+00,0.000000000000000000e+00,0.000000000000000000e+00,5.304481387138366699e-01,8.833605051040649414e-01,3.062485456466674805e-01,0.000000000000000000e+00,1.017684638500213623e-01,5.762889981269836426e-03,0.000000000000000000e+00,5.438125729560852051e-01,5.862128138542175293e-01,3.349528074264526367e+00,0.000000000000000000e+00,0.000000000000000000e+00,2.654471993446350098e-02,3.303204476833343506e-02,2.270902842283248901e-01,2.129273414611816406e-01,0.000000000000000000e+00,1.098337024450302124e-02,0.000000000000000000e+00,1.854111701250076294e-01,1.087240219116210938e+00,1.619544923305511475e-01,2.813858091831207275e-01,2.151139676570892334e-01,0.000000000000000000e+00,0.000000000000000000e+00,0.000000000000000000e+00,1.873454898595809937e-01,0.000000000000000000e+00,9.059445932507514954e-03,5.121526122093200684e-02,0.000000000000000000e+00,0.000000000000000000e+00,7.145586609840393066e-01,3.569205850362777710e-02,6.324332207441329956e-03,7.121224403381347656e-01,2.024203240871429443e-01,0.000000000000000000e+00,2.686161696910858154e-01,0.000000000000000000e+00,5.962945818901062012e-01,1.161208897829055786e-01,7.596117258071899414e-01,1.109273880720138550e-01,6.775629520416259766e-02,2.726717889308929443e-01,7.623589038848876953e-02,0.000000000000000000e+00,7.402160167694091797e-01,0.000000000000000000e+00,5.540618300437927246e-01,0.000000000000000000e+00,3.263751268386840820e-01,1.012849807739257812e-01,2.049660682678222656e-02,1.083574444055557251e-01,0.000000000000000000e+00,0.000000000000000000e+00,9.240013360977172852e-02,6.469965912401676178e-03,5.223255753517150879e-01,0.000000000000000000e+00,0.000000000000000000e+00,1.392606738954782486e-02,0.000000000000000000e+00,1.611863225698471069e-01,0.000000000000000000e+00,0.000000000000000000e+00,0.000000000000000000e+00,0.000000000000000000e+00,5.058985576033592224e-02,0.000000000000000000e+00,2.317946553230285645e-01,0.000000000000000000e+00,0.000000000000000000e+00,0.000000000000000000e+00,4.937398731708526611e-01,5.964044108986854553e-02,0.000000000000000000e+00,0.000000000000000000e+00,5.136065185070037842e-03,5.868607163429260254e-01,4.924285039305686951e-02,7.816077768802642822e-02,9.511616080999374390e-04,5.916497707366943359e-01,0.000000000000000000e+00,0.000000000000000000e+00,0.000000000000000000e+00,6.361172348260879517e-02,0.000000000000000000e+00,0.000000000000000000e+00,0.000000000000000000e+00,7.790209054946899414e-01,0.000000000000000000e+00,9.147442877292633057e-02,1.020152941346168518e-01,0.000000000000000000e+00,1.806175708770751953e-01,3.910597413778305054e-03,2.523827850818634033e-01,1.025395542383193970e-01,0.000000000000000000e+00,7.254070788621902466e-02,6.044854521751403809e-01,2.145806550979614258e+00,8.320856094360351562e-01,9.504310786724090576e-03,7.258973270654678345e-02,0.000000000000000000e+00,0.000000000000000000e+00
2.709933817386627197e-01,2.430380284786224365e-01,0.000000000000000000e+00,1.696030497550964355e-01,6.686444580554962158e-02,0.000000000000000000e+00,2.421948462724685669e-01,4.015066623687744141e-01,0.000000000000000000e+00,8.926339447498321533e-02,2.054429054260253906e-01,7.294320315122604370e-02,6.599991768598556519e-02,0.000000000000000000e+00,3.097017407417297363e-01,1.785632520914077759e-01,4.234509766101837158e-01,0.000000000000000000e+00,1.113784834742546082e-01,0.000000000000000000e+00,1.528960466384887695e-01,1.010444879531860352e+00,0.000000000000000000e+00,6.006633043289184570e-01,6.089584231376647949e-01,3.004192352294921875e+00,0.000000000000000000e+00,0.000000000000000000e+00,2.928588688373565674e-01,0.000000000000000000e+00,1.816979050636291504e-02,0.000000000000000000e+00,0.000000000000000000e+00,9.037656188011169434e-01,0.000000000000000000e+00,0.000000000000000000e+00,1.398347020149230957e-01,0.000000000000000000e+00,1.962731480598449707e-01,8.327074348926544189e-03,0.000000000000000000e+00,1.267957985401153564e-01,0.000000000000000000e+00,0.000000000000000000e+00,0.000000000000000000e+00,0.000000000000000000e+00,1.006055027246475220e-01,4.851771891117095947e-01,0.000000000000000000e+00,5.180590152740478516e-01,1.511760056018829346e-01,5.101608037948608398e-01,1.101545095443725586e+00,0.000000000000000000e+00,0.000000000000000000e+00,5.055142939090728760e-02,0.000000000000000000e+00,2.778479754924774170e-01,1.047528266906738281e+00,5.916637182235717773e-01,0.000000000000000000e+00,2.887425422668457031e-01,2.824117839336395264e-01,1.264882445335388184e+00,0.000000000000000000e+00,5.764285922050476074e-01,0.000000000000000000e+00,2.008260190486907959e-01,0.000000000000000000e+00,0.000000000000000000e+00,3.516593575477600098e-01,6.288740038871765137e-01,9.188807755708694458e-02,0.000000000000000000e+00,0.000000000000000000e+00,0.000000000000000000e+00,9.947692044079303741e-03,1.220386981964111328e+00,0.000000000000000000e+00,7.429211139678955078e-01,5.385868623852729797e-02,3.132171183824539185e-02,2.530110776424407959e-01,3.682131320238113403e-02,0.000000000000000000e+00,0.000000000000000000e+00,0.000000000000000000e+00,0.000000000000000000e+00,0.000000000000000000e+00,1.158774495124816895e+00,0.000000000000000000e+00,0.000000000000000000e+00,0.000000000000000000e+00,9.602141976356506348e-01,0.000000000000000000e+00,0.000000000000000000e+00,0.000000000000000000e+00,4.860970005393028259e-02,4.861632883548736572e-01,1.465576887130737305e-02,0.000000000000000000e+00,1.054396629333496094e+00,1.592674553394317627e-01,0.000000000000000000e+00,0.000000000000000000e+00,0.000000000000000000e+00,0.000000000000000000e+00,0.000000000000000000e+00,0.000000000000000000e+00,1.063060667365789413e-02,4.395571723580360413e-02,0.000000000000000000e+00,4.585610032081604004e-01,3.063902258872985840e-01,0.000000000000000000e+00,1.166452169418334961e+00,5.031906366348266602e-01,5.096857547760009766e-01,4.382236003875732422e-01,0.000000000000000000e+00,0.000000000000000000e+00,9.208725690841674805e-01,1.680486440658569336e+00,4.034521430730819702e-02,2.957640290260314941e-01,9.809672832489013672e-03,0.000000000000000000e+00,0.000000000000000000e+00
2.417417466640472412e-01,3.414401412010192871e-01,0.000000000000000000e+00,1.704807132482528687e-01,2.224921714514493942e-03,0.000000000000000000e+00,2.659780681133270264e-01,5.961548686027526855e-01,0.000000000000000000e+00,2.609127461910247803e-01,2.263968884944915771e-01,0.000000000000000000e+00,0.000000000000000000e+00,0.000000000000000000e+00,1.565719246864318848e-01,8.955731987953186035e-02,4.702036976814270020e-01,3.741255961358547211e-03,1.812197566032409668e-01,0.000000000000000000e+00,1.598539948463439941e-01,1.032614946365356445e+00,0.000000000000000000e+00,7.785222530364990234e-01,8.764165043830871582e-01,2.815132379531860352e+00,0.000000000000000000e+00,0.000000000000000000e+00,2.427262365818023682e-01,0.000000000000000000e+00,0.000000000000000000e+00,0.000000000000000000e+00,0.000000000000000000e+00,8.988561630249023438e-01,0.000000000000000000e+00,6.401763111352920532e-02,5.953554064035415649e-02,0.000000000000000000e+00,1.349275112152099609e-01,0.000000000000000000e+00,0.000000000000000000e+00,1.716109514236450195e-01,0.000000000000000000e+00,0.000000000000000000e+00,0.000000000000000000e+00,0.000000000000000000e+00,3.643041849136352539e-02,4.993075132369995117e-01,0.000000000000000000e+00,3.666116893291473389e-01,1.778933405876159668e-01,6.633810997009277344e-01,1.191248536109924316e+00,0.000000000000000000e+00,0.000000000000000000e+00,5.116359144449234009e-02,0.000000000000000000e+00,8.491470813751220703e-01,1.210326910018920898e+00,3.306323885917663574e-01,0.000000000000000000e+00,1.334972083568572998e-01,1.430245041847229004e-01,8.165626525878906250e-01,0.000000000000000000e+00,4.806811511516571045e-01,2.155369147658348083e-02,4.225521534681320190e-02,0.000000000000000000e+00,0.000000000000000000e+00,2.508177161216735840e-01,7.835475206375122070e-01,2.420305833220481873e-02,0.000000000000000000e+00,0.000000000000000000e+00,0.000000000000000000e+00,0.000000000000000000e+00,7.384891510009765625e-01,0.000000000000000000e+00,3.697800338268280029e-01,0.000000000000000000e+00,1.149033084511756897e-01,4.209222197532653809e-01,0.000000000000000000e+00,0.000000000000000000e+00,0.000000000000000000e+00,0.000000000000000000e+00,0.000000000000000000e+00,0.000000000000000000e+00,1.133289337158203125e+00,3.460161760449409485e-02,0.000000000000000000e+00,0.000000000000000000e+00,1.054369568824768066e+00,0.000000000000000000e+00,0.000000000000000000e+00,0.000000000000000000e+00,2.562361061573028564e-01,5.281544923782348633e-01,0.000000000000000000e+00,0.000000000000000000e+00,9.556632637977600098e-01,5.233850330114364624e-02,0.000000000000000000e+00,0.000000000000000000e+00,0.000000000000000000e+00,0.000000000000000000e+00,0.000000000000000000e+00,0.000000000000000000e+00,0.000000000000000000e+00,9.848675131797790527e-02,0.000000000000000000e+00,3.133911192417144775e-01,3.514123558998107910e-01,0.000000000000000000e+00,1.183467507362365723e+00,5.381892919540405273e-01,8.606503009796142578e-01,7.021523714065551758e-01,0.000000000000000000e+00,0.000000000000000000e+00,7.675061225891113281e-01,1.576014399528503418e+00,9.547122567892074585e-02,5.941687226295471191e-01,0.000000000000000000e+00,0.000000000000000000e+00,0.000000000000000000e+00
0.000000000000000000e+00,8.940384984016418457e-01,0.000000000000000000e+00,1.559315323829650879e-01,0.000000000000000000e+00,0.000000000000000000e+00,2.833302915096282959e-01,3.886160254478454590e-01,0.000000000000000000e+00,4.084793627262115479e-01,3.329973816871643066e-01,0.000000000000000000e+00,3.817224502563476562e-01,0.000000000000000000e+00,1.436855792999267578e-01,3.673010468482971191e-01,2.456036508083343506e-01,2.108646333217620850e-01,2.591271698474884033e-01,0.000000000000000000e+00,2.184635847806930542e-01,6.352241039276123047e-01,0.000000000000000000e+00,3.742617368698120117e-01,6.899251937866210938e-01,2.968923330307006836e+00,0.000000000000000000e+00,0.000000000000000000e+00,0.000000000000000000e+00,0.000000000000000000e+00,0.000000000000000000e+00,3.349549323320388794e-02,0.000000000000000000e+00,1.951933801174163818e-01,0.000000000000000000e+00,0.000000000000000000e+00,9.180565923452377319e-02,1.459833085536956787e-01,0.000000000000000000e+00,0.000000000000000000e+00,0.000000000000000000e+00,0.000000000000000000e+00,0.000000000000000000e+00,0.000000000000000000e+00,0.000000000000000000e+00,2.337628304958343506e-01,0.000000000000000000e+00,1.638697385787963867e-01,0.000000000000000000e+00,1.917658001184463501e-01,1.967419832944869995e-01,1.459416747093200684e-01,4.291521310806274414e-01,9.873329848051071167e-02,0.000000000000000000e+00,0.000000000000000000e+00,0.000000000000000000e+00,9.760536551475524902e-01,6.701505184173583984e-01,6.504201292991638184e-01,0.000000000000000000e+00,5.553312599658966064e-02,7.487851381301879883e-02,5.520544648170471191e-01,0.000000000000000000e+00,4.396848380565643311e-01,1.007972061634063721e-01,9.189356118440628052e-02,0.000000000000000000e+00,3.788693808019161224e-03,2.835937589406967163e-02,1.721407175064086914e-01,1.921755969524383545e-01,0.000000000000000000e+00,0.000000000000000000e+00,5.267992988228797913e-02,0.000000000000000000e+00,6.265792250633239746e-01,0.000000000000000000e+00,3.609786927700042725e-02,0.000000000000000000e+00,0.000000000000000000e+00,2.833189368247985840e-01,0.000000000000000000e+00,0.000000000000000000e+00,0.000000000000000000e+00,0.000000000000000000e+00,1.743070036172866821e-02,3.862892091274261475e-02,4.890308678150177002e-01,4.282659292221069336e-02,0.000000000000000000e+00,0.000000000000000000e+00,1.068560719490051270e+00,6.368932127952575684e-02,0.000000000000000000e+00,0.000000000000000000e+00,4.187106341123580933e-02,1.194042116403579712e-01,0.000000000000000000e+00,0.000000000000000000e+00,7.070418447256088257e-02,6.613989919424057007e-02,0.000000000000000000e+00,0.000000000000000000e+00,0.000000000000000000e+00,6.890747230499982834e-03,0.000000000000000000e+00,0.000000000000000000e+00,0.000000000000000000e+00,5.139118432998657227e-01,0.000000000000000000e+00,2.010785639286041260e-01,2.462143301963806152e-01,0.000000000000000000e+00,5.603090524673461914e-01,1.241279989480972290e-01,6.037532687187194824e-01,1.366169452667236328e+00,3.118825517594814301e-02,3.658658266067504883e-01,3.902821838855743408e-01,1.319813370704650879e+00,3.389104902744293213e-01,1.239343136548995972e-01,1.399337202310562134e-01,0.000000000000000000e+00,0.000000000000000000e+00
8.182830214500427246e-01,1.290107250213623047e+00,0.000000000000000000e+00,2.672782242298126221e-01,2.774884104728698730e-01,0.000000000000000000e+00,3.417773246765136719e-01,2.900046408176422119e-01,0.000000000000000000e+00,9.975589513778686523e-01,8.573278188705444336e-01,8.593881130218505859e-01,8.046955615282058716e-02,0.000000000000000000e+00,3.816978037357330322e-01,1.384264826774597168e-01,1.115352660417556763e-01,1.184619545936584473e+00,4.364695549011230469e-01,0.000000000000000000e+00,2.722039222717285156e-01,4.004977643489837646e-01,0.000000000000000000e+00,2.607937753200531006e-01,4.237143099308013916e-01,3.119003295898437500e+00,0.000000000000000000e+00,0.000000000000000000e+00,2.416253983974456787e-01,0.000000000000000000e+00,2.059479057788848877e-01,9.403542615473270416e-03,0.000000000000000000e+00,5.709441900253295898e-01,1.677310913801193237e-01,2.373477965593338013e-01,5.849339962005615234e-01,1.354333478957414627e-02,7.708207368850708008e-01,3.262628614902496338e-01,0.000000000000000000e+00,7.447800040245056152e-01,0.000000000000000000e+00,0.000000000000000000e+00,0.000000000000000000e+00,3.080847486853599548e-02,1.646349877119064331e-01,5.529706478118896484e-01,0.000000000000000000e+00,3.188961744308471680e-01,3.993066251277923584e-01,5.942353606224060059e-01,4.303020983934402466e-02,1.393975019454956055e-01,0.000000000000000000e+00,3.134970366954803467e-01,0.000000000000000000e+00,1.908429712057113647e-01,2.113505303859710693e-01,2.393796592950820923e-01,3.536521643400192261e-02,1.130772009491920471e-01,1.451973617076873779e-02,3.115095198154449463e-01,0.000000000000000000e+00,5.270805954933166504e-01,9.944212436676025391e-02,6.729910969734191895e-01,0.000000000000000000e+00,0.000000000000000000e+00,1.244414318352937698e-02,5.880187749862670898e-01,2.259619235992431641e-01,0.000000000000000000e+00,0.000000000000000000e+00,1.510461866855621338e-01,1.854293979704380035e-03,7.581599354743957520e-01,0.000000000000000000e+00,1.076633632183074951e-01,1.081305835396051407e-02,0.000000000000000000e+00,3.221355080604553223e-01,0.000000000000000000e+00,0.000000000000000000e+00,0.000000000000000000e+00,0.000000000000000000e+00,1.686199940741062164e-02,0.000000000000000000e+00,6.582255959510803223e-01,0.000000000000000000e+00,0.000000000000000000e+00,0.000000000000000000e+00,1.142479777336120605e+00,0.000000000000000000e+00,0.000000000000000000e+00,7.692055106163024902e-01,1.280586421489715576e-02,1.284762620925903320e-01,6.425897777080535889e-02,2.066341340541839600e-01,1.136630773544311523e+00,4.863554611802101135e-02,0.000000000000000000e+00,0.000000000000000000e+00,0.000000000000000000e+00,0.000000000000000000e+00,0.000000000000000000e+00,0.000000000000000000e+00,1.194022893905639648e-01,4.994311928749084473e-01,0.000000000000000000e+00,1.514147520065307617e-01,2.873584330081939697e-01,0.000000000000000000e+00,6.179553270339965820e-01,6.565105915069580078e-02,5.309103727340698242e-01,3.491684496402740479e-01,3.597525879740715027e-02,2.098106741905212402e-01,8.592205643653869629e-01,1.724485039710998535e+00,1.882491074502468109e-02,4.234119504690170288e-02,9.755217283964157104e-02,0.000000000000000000e+00,0.000000000000000000e+00
0.000000000000000000e+00,9.237130880355834961e-01,0.000000000000000000e+00,4.963538795709609985e-02,5.202620029449462891e-01,0.000000000000000000e+00,2.019596248865127563e-01,4.048778116703033447e-02,0.000000000000000000e+00,2.117115706205368042e-01,5.451051518321037292e-02,0.000000000000000000e+00,1.066304326057434082e+00,0.000000000000000000e+00,1.188495941460132599e-02,1.428644508123397827e-01,3.528725504875183105e-01,5.037657544016838074e-02,3.375621438026428223e-01,0.000000000000000000e+00,4.948700368404388428e-01,2.835228443145751953e-01,0.000000000000000000e+00,2.651239335536956787e-01,3.418855071067810059e-01,2.441236495971679688e+00,0.000000000000000000e+00,0.000000000000000000e+00,4.258182272315025330e-02,0.000000000000000000e+00,0.000000000000000000e+00,3.028151988983154297e-01,0.000000000000000000e+00,6.295833736658096313e-02,0.000000000000000000e+00,1.863059550523757935e-01,7.144194245338439941e-01,1.639862656593322754e-01,3.255108296871185303e-01,0.000000000000000000e+00,0.000000000000000000e+00,0.000000000000000000e+00,0.000000000000000000e+00,0.000000000000000000e+00,0.000000000000000000e+00,7.627966254949569702e-02,0.000000000000000000e+00,1.963866651058197021e-01,0.000000000000000000e+00,2.474909573793411255e-01,5.628439038991928101e-02,3.000631928443908691e-01,4.069386422634124756e-01,2.866313755512237549e-01,0.000000000000000000e+00,1.264325082302093506e-01,0.000000000000000000e+00,4.542599320411682129e-01,2.396537661552429199e-01,8.517430424690246582e-01,0.000000000000000000e+00,2.518485859036445618e-02,3.630046546459197998e-02,3.590166866779327393e-01,0.000000000000000000e+00,7.641741633415222168e-01,0.000000000000000000e+00,3.124445080757141113e-01,0.000000000000000000e+00,2.117047011852264404e-01,5.934221670031547546e-02,8.412951231002807617e-02,1.333203017711639404e-01,0.000000000000000000e+00,0.000000000000000000e+00,9.515593945980072021e-02,0.000000000000000000e+00,7.707302570343017578e-01,0.000000000000000000e+00,8.285701274871826172e-02,3.411369398236274719e-02,0.000000000000000000e+00,2.292407751083374023e-01,0.000000000000000000e+00,0.000000000000000000e+00,0.000000000000000000e+00,0.000000000000000000e+00,2.841169387102127075e-02,0.000000000000000000e+00,5.269403457641601562e-01,6.328640878200531006e-02,0.000000000000000000e+00,0.000000000000000000e+00,8.752218484878540039e-01,2.439713031053543091e-01,0.000000000000000000e+00,2.937108278274536133e-02,0.000000000000000000e+00,5.391753464937210083e-02,0.000000000000000000e+00,5.445055663585662842e-02,2.944672666490077972e-02,2.612733840942382812e-01,0.000000000000000000e+00,0.000000000000000000e+00,0.000000000000000000e+00,4.450565204024314880e-02,0.000000000000000000e+00,0.000000000000000000e+00,0.000000000000000000e+00,5.391559600830078125e-01,0.000000000000000000e+00,1.183274537324905396e-01,1.210180893540382385e-01,0.000000000000000000e+00,5.123032927513122559e-01,7.549712434411048889e-03,3.302646800875663757e-02,3.874578475952148438e-01,9.753423184156417847e-02,3.584273755550384521e-01,1.151411011815071106e-01,1.001622557640075684e+00,9.917676448822021484e-01,1.197932735085487366e-01,1.405667066574096680e-01,2.685019075870513916e-01,0.000000000000000000e+00
1.673331949859857559e-03,1.122823715209960938e+00,0.000000000000000000e+00,1.019271463155746460e-01,1.266460657119750977e+00,0.000000000000000000e+00,2.237057313323020935e-02,1.503821909427642822e-01,0.000000000000000000e+00,4.159360006451606750e-02,2.215662039816379547e-03,0.000000000000000000e+00,4.897240698337554932e-01,0.000000000000000000e+00,1.534847617149353027e-01,6.257406435906887054e-03,6.823723316192626953e-01,3.642475605010986328e-02,3.477492332458496094e-01,0.000000000000000000e+00,1.965968757867813110e-01,2.046578675508499146e-01,0.000000000000000000e+00,5.901260375976562500e-01,4.987252056598663330e-01,3.321581602096557617e+00,0.000000000000000000e+00,0.000000000000000000e+00,7.258352637290954590e-02,0.000000000000000000e+00,3.209978342056274414e-01,7.505737245082855225e-02,0.000000000000000000e+00,8.881233632564544678e-02,0.000000000000000000e+00,1.451404839754104614e-01,1.650896221399307251e-01,0.000000000000000000e+00,2.724890112876892090e-01,0.000000000000000000e+00,0.000000000000000000e+00,0.000000000000000000e+00,0.000000000000000000e+00,0.000000000000000000e+00,0.000000000000000000e+00,1.209191083908081055e-01,0.000000000000000000e+00,1.314552873373031616e-02,0.000000000000000000e+00,3.660292029380798340e-01,1.049071624875068665e-01,1.641062796115875244e-01,1.142272830009460449e+00,0.000000000000000000e+00,0.000000000000000000e+00,1.282442808151245117e-01,0.000000000000000000e+00,3.244036138057708740e-01,4.544533193111419678e-01,5.648985505104064941e-01,1.449386589229106903e-02,9.517112746834754944e-03,1.522110700607299805e-01,5.279936790466308594e-01,0.000000000000000000e+00,8.026163578033447266e-01,0.000000000000000000e+00,1.049455180764198303e-01,0.000000000000000000e+00,0.000000000000000000e+00,2.847885712981224060e-02,5.879774689674377441e-02,1.503690183162689209e-01,0.000000000000000000e+00,0.000000000000000000e+00,2.097238600254058838e-02,0.000000000000000000e+00,6.500762701034545898e-01,0.000000000000000000e+00,1.397860199213027954e-01,1.043538469821214676e-02,6.483460217714309692e-02,2.347191423177719116e-01,0.000000000000000000e+00,0.000000000000000000e+00,0.000000000000000000e+00,0.000000000000000000e+00,2.205187454819679260e-02,0.000000000000000000e+00,4.228691756725311279e-01,0.000000000000000000e+00,0.000000000000000000e+00,0.000000000000000000e+00,6.285712718963623047e-01,4.673413634300231934e-01,0.000000000000000000e+00,1.135964468121528625e-01,1.167099177837371826e-02,6.235181689262390137e-01,0.000000000000000000e+00,0.000000000000000000e+00,2.979442663490772247e-02,3.617503046989440918e-01,0.000000000000000000e+00,0.000000000000000000e+00,0.000000000000000000e+00,0.000000000000000000e+00,0.000000000000000000e+00,0.000000000000000000e+00,0.000000000000000000e+00,1.218376040458679199e+00,0.000000000000000000e+00,4.264150857925415039e-01,3.734895586967468262e-01,0.000000000000000000e+00,4.070042967796325684e-01,8.708132058382034302e-02,2.957443296909332275e-01,6.038205698132514954e-03,0.000000000000000000e+00,0.000000000000000000e+00,8.241417407989501953e-01,2.096844196319580078e+00,3.847974240779876709e-01,1.887845993041992188e-01,7.782563567161560059e-02,0.000000000000000000e+00,0.000000000000000000e+00
0.000000000000000000e+00,3.106051683425903320e-01,0.000000000000000000e+00,1.788377612829208374e-01,6.893172860145568848e-01,0.000000000000000000e+00,7.640333473682403564e-02,5.050824955105781555e-03,0.000000000000000000e+00,1.075339987874031067e-01,0.000000000000000000e+00,0.000000000000000000e+00,2.186451554298400879e-01,0.000000000000000000e+00,3.450369089841842651e-02,1.818133741617202759e-01,4.799303710460662842e-01,0.000000000000000000e+00,2.386042624711990356e-01,0.000000000000000000e+00,3.152853846549987793e-01,7.412247359752655029e-03,0.000000000000000000e+00,2.923986911773681641e-01,5.752149224281311035e-01,3.234856128692626953e+00,0.000000000000000000e+00,0.000000000000000000e+00,1.383548378944396973e-01,0.000000000000000000e+00,5.784624442458152771e-02,2.053367346525192261e-01,0.000000000000000000e+00,1.112607568502426147e-01,0.000000000000000000e+00,3.422095775604248047e-01,3.961424827575683594e-01,0.000000000000000000e+00,3.702549934387207031e-01,1.626331731677055359e-02,0.000000000000000000e+00,0.000000000000000000e+00,0.000000000000000000e+00,3.858494386076927185e-02,0.000000000000000000e+00,0.000000000000000000e+00,0.000000000000000000e+00,0.000000000000000000e+00,0.000000000000000000e+00,1.156646013259887695e+00,4.457238689064979553e-02,2.148098684847354889e-02,6.847001910209655762e-01,9.626893326640129089e-03,0.000000000000000000e+00,1.869746297597885132e-01,1.083772815763950348e-02,1.245722025632858276e-01,2.678303718566894531e-01,9.439486861228942871e-01,0.000000000000000000e+00,6.750836968421936035e-02,7.210380584001541138e-02,2.275405675172805786e-01,0.000000000000000000e+00,6.736451983451843262e-01,0.000000000000000000e+00,3.530296683311462402e-01,0.000000000000000000e+00,2.988003790378570557e-01,4.477985799312591553e-01,5.298480391502380371e-03,2.174209505319595337e-01,0.000000000000000000e+00,0.000000000000000000e+00,9.609816968441009521e-02,2.230816520750522614e-03,7.873514890670776367e-01,0.000000000000000000e+00,1.603520065546035767e-01,2.080659568309783936e-01,5.766621790826320648e-03,9.292558580636978149e-02,0.000000000000000000e+00,0.000000000000000000e+00,0.000000000000000000e+00,0.000000000000000000e+00,4.994394257664680481e-02,1.363313496112823486e-01,4.327074289321899414e-01,0.000000000000000000e+00,0.000000000000000000e+00,0.000000000000000000e+00,1.002265572547912598e+00,8.779147267341613770e-02,0.000000000000000000e+00,0.000000000000000000e+00,0.000000000000000000e+00,4.014172554016113281e-01,0.000000000000000000e+00,0.000000000000000000e+00,8.675990998744964600e-02,1.891080886125564575e-01,0.000000000000000000e+00,0.000000000000000000e+00,0.000000000000000000e+00,2.572568878531455994e-02,0.000000000000000000e+00,0.000000000000000000e+00,0.000000000000000000e+00,4.877226352691650391e-01,0.000000000000000000e+00,5.467278361320495605e-01,3.409737050533294678e-01,0.000000000000000000e+00,3.548375368118286133e-01,1.032269969582557678e-01,0.000000000000000000e+00,0.000000000000000000e+00,0.000000000000000000e+00,9.009875357151031494e-02,1.188803166151046753e-01,2.050734996795654297e+00,3.959833383560180664e-01,3.417453169822692871e-02,1.951234191656112671e-01,1.094217039644718170e-02,0.000000000000000000e+00
1.789580285549163818e-01,2.991542816162109375e-01,0.000000000000000000e+00,8.529758080840110779e-03,4.329224675893783569e-02,0.000000000000000000e+00,1.574935615062713623e-01,5.626524686813354492e-01,0.000000000000000000e+00,3.789247870445251465e-01,1.729433797299861908e-02,0.000000000000000000e+00,0.000000000000000000e+00,0.000000000000000000e+00,2.466423660516738892e-01,1.430433988571166992e-01,9.043860435485839844e-01,1.337618287652730942e-02,1.185707300901412964e-01,0.000000000000000000e+00,1.513264626264572144e-01,6.203962564468383789e-01,0.000000000000000000e+00,8.456104397773742676e-01,8.449987173080444336e-01,2.981380224227905273e+00,0.000000000000000000e+00,0.000000000000000000e+00,4.534924775362014771e-02,0.000000000000000000e+00,0.000000000000000000e+00,0.000000000000000000e+00,0.000000000000000000e+00,5.110521316528320312e-01,0.000000000000000000e+00,7.168062776327133179e-02,7.908932864665985107e-02,2.609761990606784821e-02,3.084905259311199188e-02,2.462849766016006470e-02,0.000000000000000000e+00,1.039450466632843018e-01,0.000000000000000000e+00,0.000000000000000000e+00,0.000000000000000000e+00,0.000000000000000000e+00,6.775487214326858521e-02,5.224272608757019043e-01,0.000000000000000000e+00,4.007058441638946533e-01,3.925617784261703491e-02,1.348595917224884033e-01,1.615338683128356934e+00,0.000000000000000000e+00,0.000000000000000000e+00,0.000000000000000000e+00,0.000000000000000000e+00,5.154949426651000977e-01,1.114065408706665039e+00,3.611668944358825684e-01,0.000000000000000000e+00,1.391559280455112457e-02,2.281575500965118408e-01,8.410478830337524414e-01,0.000000000000000000e+00,4.161604940891265869e-01,0.000000000000000000e+00,5.066438578069210052e-03,0.000000000000000000e+00,0.000000000000000000e+00,1.780166327953338623e-01,6.025300621986389160e-01,3.282900527119636536e-02,0.000000000000000000e+00,0.000000000000000000e+00,0.000000000000000000e+00,3.401990979909896851e-02,8.988872766494750977e-01,0.000000000000000000e+00,2.064778506755828857e-01,0.000000000000000000e+00,2.508255094289779663e-02,2.310816049575805664e-01,0.000000000000000000e+00,0.000000000000000000e+00,0.000000000000000000e+00,0.000000000000000000e+00,0.000000000000000000e+00,8.344483375549316406e-02,1.122135400772094727e+00,9.049531072378158569e-02,0.000000000000000000e+00,0.000000000000000000e+00,1.088919043540954590e+00,4.674437642097473145e-02,0.000000000000000000e+00,0.000000000000000000e+00,4.832247644662857056e-02,5.665348768234252930e-01,0.000000000000000000e+00,0.000000000000000000e+00,6.995071768760681152e-01,8.788070827722549438e-02,0.000000000000000000e+00,0.000000000000000000e+00,0.000000000000000000e+00,6.724124401807785034e-02,0.000000000000000000e+00,0.000000000000000000e+00,0.000000000000000000e+00,1.176285464316606522e-02,0.000000000000000000e+00,3.805775940418243408e-01,3.436201214790344238e-01,0.000000000000000000e+00,1.157813191413879395e+00,6.343719363212585449e-01,2.166959941387176514e-01,5.292692184448242188e-01,0.000000000000000000e+00,0.000000000000000000e+00,5.213319063186645508e-01,1.671459674835205078e+00,2.256230115890502930e-01,2.857705354690551758e-01,0.000000000000000000e+00,0.000000000000000000e+00,0.000000000000000000e+00
1.119129173457622528e-02,4.275765120983123779e-01,0.000000000000000000e+00,7.624154537916183472e-02,7.224892377853393555e-01,0.000000000000000000e+00,1.442814916372299194e-01,2.214484103024005890e-02,0.000000000000000000e+00,1.500405669212341309e-01,6.275040097534656525e-03,0.000000000000000000e+00,4.925800561904907227e-01,0.000000000000000000e+00,0.000000000000000000e+00,1.062896773219108582e-01,3.576931953430175781e-01,1.293560955673456192e-02,2.049694210290908813e-01,0.000000000000000000e+00,5.525659918785095215e-01,1.196939498186111450e-02,0.000000000000000000e+00,1.581864953041076660e-01,1.881451606750488281e-01,2.826153278350830078e+00,0.000000000000000000e+00,0.000000000000000000e+00,1.436848342418670654e-01,3.054548986256122589e-02,5.778538808226585388e-02,7.558908462524414062e-01,0.000000000000000000e+00,3.835929930210113525e-02,2.076979912817478180e-02,5.811462998390197754e-01,5.406871438026428223e-01,6.327556818723678589e-02,7.590323686599731445e-02,0.000000000000000000e+00,0.000000000000000000e+00,0.000000000000000000e+00,0.000000000000000000e+00,4.148463606834411621e-01,0.000000000000000000e+00,0.000000000000000000e+00,0.000000000000000000e+00,1.132690012454986572e-01,0.000000000000000000e+00,1.082489967346191406e+00,1.001470722258090973e-02,0.000000000000000000e+00,6.253077387809753418e-01,5.071578025817871094e-01,0.000000000000000000e+00,5.498943477869033813e-02,3.450639545917510986e-02,3.304652571678161621e-01,2.054822742938995361e-01,1.036674380302429199e+00,4.394405521452426910e-03,1.678466945886611938e-01,3.258451223373413086e-01,1.123827248811721802e-01,0.000000000000000000e+00,9.519091248512268066e-01,0.000000000000000000e+00,6.944097876548767090e-01,0.000000000000000000e+00,8.430587053298950195e-01,4.058798551559448242e-01,0.000000000000000000e+00,0.000000000000000000e+00,0.000000000000000000e+00,0.000000000000000000e+00,2.237692177295684814e-01,0.000000000000000000e+00,7.210530042648315430e-01,0.000000000000000000e+00,4.987112432718276978e-02,2.547010220587253571e-02,0.000000000000000000e+00,1.769283562898635864e-01,0.000000000000000000e+00,0.000000000000000000e+00,0.000000000000000000e+00,0.000000000000000000e+00,2.550950832664966583e-02,1.470775157213211060e-02,3.929004669189453125e-01,0.000000000000000000e+00,0.000000000000000000e+00,0.000000000000000000e+00,9.611778855323791504e-01,1.037562251091003418e+00,0.000000000000000000e+00,0.000000000000000000e+00,0.000000000000000000e+00,2.341277897357940674e-01,1.711762845516204834e-01,3.127629458904266357e-01,1.909565366804599762e-02,9.897889494895935059e-01,0.000000000000000000e+00,0.000000000000000000e+00,0.000000000000000000e+00,4.937178641557693481e-02,0.000000000000000000e+00,0.000000000000000000e+00,0.000000000000000000e+00,1.025216341018676758e+00,0.000000000000000000e+00,1.640911400318145752e-01,1.289960443973541260e-01,0.000000000000000000e+00,2.717035412788391113e-01,0.000000000000000000e+00,0.000000000000000000e+00,1.000427454710006714e-01,2.331118285655975342e-02,8.153582811355590820e-01,7.977224141359329224e-02,1.454407215118408203e+00,9.367653727531433105e-01,2.770817279815673828e-02,7.622307538986206055e-02,1.341323405504226685e-01,0.000000000000000000e+00
1.119129173457622528e-02,4.275765120983123779e-01,0.000000000000000000e+00,7.624154537916183472e-02,7.224892377853393555e-01,0.000000000000000000e+00,1.442814916372299194e-01,2.214484103024005890e-02,0.000000000000000000e+00,1.500405669212341309e-01,6.275040097534656525e-03,0.000000000000000000e+00,4.925800561904907227e-01,0.000000000000000000e+00,0.000000000000000000e+00,1.062896773219108582e-01,3.576931953430175781e-01,1.293560955673456192e-02,2.049694210290908813e-01,0.000000000000000000e+00,5.525659918785095215e-01,1.196939498186111450e-02,0.000000000000000000e+00,1.581864953041076660e-01,1.881451606750488281e-01,2.826153278350830078e+00,0.000000000000000000e+00,0.000000000000000000e+00,1.436848342418670654e-01,3.054548986256122589e-02,5.778538808226585388e-02,7.558908462524414062e-01,0.000000000000000000e+00,3.835929930210113525e-02,2.076979912817478180e-02,5.811462998390197754e-01,5.406871438026428223e-01,6.327556818723678589e-02,7.590323686599731445e-02,0.000000000000000000e+00,0.000000000000000000e+00,0.000000000000000000e+00,0.000000000000000000e+00,4.148463606834411621e-01,0.000000000000000000e+00,0.000000000000000000e+00,0.000000000000000000e+00,1.132690012454986572e-01,0.000000000000000000e+00,1.082489967346191406e+00,1.001470722258090973e-02,0.000000000000000000e+00,6.253077387809753418e-01,5.071578025817871094e-01,0.000000000000000000e+00,5.498943477869033813e-02,3.450639545917510986e-02,3.304652571678161621e-01,2.054822742938995361e-01,1.036674380302429199e+00,4.394405521452426910e-03,1.678466945886611938e-01,3.258451223373413086e-01,1.123827248811721802e-01,0.000000000000000000e+00,9.519091248512268066e-01,0.000000000000000000e+00,6.944097876548767090e-01,0.000000000000000000e+00,8.430587053298950195e-01,4.058798551559448242e-01,0.000000000000000000e+00,0.000000000000000000e+00,0.000000000000000000e+00,0.000000000000000000e+00,2.237692177295684814e-01,0.000000000000000000e+00,7.210530042648315430e-01,0.000000000000000000e+00,4.987112432718276978e-02,2.547010220587253571e-02,0.000000000000000000e+00,1.769283562898635864e-01,0.000000000000000000e+00,0.000000000000000000e+00,0.000000000000000000e+00,0.000000000000000000e+00,2.550950832664966583e-02,1.470775157213211060e-02,3.929004669189453125e-01,0.000000000000000000e+00,0.000000000000000000e+00,0.000000000000000000e+00,9.611778855323791504e-01,1.037562251091003418e+00,0.000000000000000000e+00,0.000000000000000000e+00,0.000000000000000000e+00,2.341277897357940674e-01,1.711762845516204834e-01,3.127629458904266357e-01,1.909565366804599762e-02,9.897889494895935059e-01,0.000000000000000000e+00,0.000000000000000000e+00,0.000000000000000000e+00,4.937178641557693481e-02,0.000000000000000000e+00,0.000000000000000000e+00,0.000000000000000000e+00,1.025216341018676758e+00,0.000000000000000000e+00,1.640911400318145752e-01,1.289960443973541260e-01,0.000000000000000000e+00,2.717035412788391113e-01,0.000000000000000000e+00,0.000000000000000000e+00,1.000427454710006714e-01,2.331118285655975342e-02,8.153582811355590820e-01,7.977224141359329224e-02,1.454407215118408203e+00,9.367653727531433105e-01,2.770817279815673828e-02,7.622307538986206055e-02,1.341323405504226685e-01,0.000000000000000000e+00
1.952288150787353516e-01,3.197142183780670166e-01,0.000000000000000000e+00,6.274352967739105225e-02,1.219203993678092957e-01,0.000000000000000000e+00,1.420117914676666260e-01,3.432929515838623047e-01,0.000000000000000000e+00,5.182600393891334534e-02,6.332199573516845703e-01,0.000000000000000000e+00,1.054459288716316223e-01,0.000000000000000000e+00,3.841833770275115967e-02,5.861084908246994019e-02,3.783218860626220703e-01,5.274872854351997375e-02,3.404199182987213135e-01,0.000000000000000000e+00,5.379173159599304199e-01,5.855841189622879028e-02,0.000000000000000000e+00,5.279639959335327148e-01,7.807549238204956055e-01,2.857193231582641602e+00,0.000000000000000000e+00,0.000000000000000000e+00,7.949315905570983887e-01,0.000000000000000000e+00,3.831079974770545959e-02,9.322211891412734985e-02,0.000000000000000000e+00,3.936706185340881348e-01,1.362503916025161743e-01,6.547760963439941406e-02,0.000000000000000000e+00,5.825134515762329102e-01,2.836635708808898926e-01,4.405404031276702881e-01,0.000000000000000000e+00,2.505213022232055664e-02,0.000000000000000000e+00,6.075742468237876892e-02,0.000000000000000000e+00,0.000000000000000000e+00,1.361275613307952881e-01,8.852970600128173828e-02,0.000000000000000000e+00,1.231503844261169434e+00,4.127720892429351807e-01,9.452964365482330322e-02,5.150706693530082703e-02,9.047067910432815552e-02,0.000000000000000000e+00,3.818951845169067383e-01,0.000000000000000000e+00,4.621117413043975830e-01,9.694319963455200195e-01,4.474493563175201416e-01,2.658841013908386230e-02,4.335603117942810059e-01,1.365557014942169189e-01,3.346583843231201172e-01,0.000000000000000000e+00,1.108422160148620605e+00,2.060867547988891602e-01,4.308461248874664307e-01,0.000000000000000000e+00,0.000000000000000000e+00,2.782552838325500488e-01,1.929450631141662598e-01,0.000000000000000000e+00,0.000000000000000000e+00,0.000000000000000000e+00,1.267005205154418945e-01,0.000000000000000000e+00,1.029360890388488770e+00,0.000000000000000000e+00,3.958669602870941162e-01,1.850735768675804138e-02,1.011811420321464539e-01,5.337289571762084961e-01,0.000000000000000000e+00,0.000000000000000000e+00,0.000000000000000000e+00,0.000000000000000000e+00,1.334263682365417480e-01,1.814116835594177246e-01,5.847786664962768555e-01,0.000000000000000000e+00,0.000000000000000000e+00,0.000000000000000000e+00,7.071111798286437988e-01,2.953660488128662109e-01,0.000000000000000000e+00,6.798665225505828857e-02,5.706851482391357422e-01,4.621406495571136475e-01,0.000000000000000000e+00,1.535323858261108398e-01,1.029910817742347717e-01,0.000000000000000000e+00,0.000000000000000000e+00,0.000000000000000000e+00,0.000000000000000000e+00,9.204109758138656616e-02,0.000000000000000000e+00,0.000000000000000000e+00,3.547254949808120728e-02,4.189304113388061523e-01,0.000000000000000000e+00,1.985468268394470215e-01,8.829689770936965942e-02,0.000000000000000000e+00,4.108137190341949463e-01,1.222696751356124878e-01,1.366190671920776367e+00,2.245399951934814453e-01,9.419102966785430908e-02,1.063896343111991882e-03,1.329124927520751953e+00,1.631482839584350586e+00,1.360172927379608154e-01,4.725902676582336426e-01,1.967110037803649902e-01,4.273763671517372131e-02,0.000000000000000000e+00
5.446814745664596558e-02,7.857251167297363281e-01,0.000000000000000000e+00,3.349152207374572754e-01,1.413801163434982300e-01,0.000000000000000000e+00,3.396203517913818359e-01,4.936472475528717041e-01,0.000000000000000000e+00,7.196055650711059570e-01,3.611938059329986572e-01,7.589574903249740601e-03,4.692607000470161438e-02,0.000000000000000000e+00,6.749966740608215332e-01,4.568382501602172852e-01,2.425920665264129639e-01,1.792519986629486084e-01,1.730853319168090820e-01,0.000000000000000000e+00,3.139920532703399658e-01,1.170755147933959961e+00,0.000000000000000000e+00,7.099124789237976074e-01,9.810085296630859375e-01,3.214664697647094727e+00,0.000000000000000000e+00,0.000000000000000000e+00,1.367984116077423096e-01,0.000000000000000000e+00,7.506892085075378418e-02,0.000000000000000000e+00,0.000000000000000000e+00,1.260840058326721191e+00,0.000000000000000000e+00,1.176968812942504883e-01,2.586311995983123779e-01,6.295911967754364014e-02,3.414768278598785400e-01,1.784747838973999023e-01,0.000000000000000000e+00,4.300729632377624512e-01,0.000000000000000000e+00,0.000000000000000000e+00,0.000000000000000000e+00,1.072435528039932251e-01,2.658214420080184937e-02,2.874366939067840576e-01,0.000000000000000000e+00,4.015676677227020264e-01,2.154746800661087036e-01,8.761906623840332031e-01,2.082609534263610840e-01,6.377837061882019043e-02,0.000000000000000000e+00,3.315442055463790894e-02,0.000000000000000000e+00,4.235267937183380127e-01,7.557408213615417480e-01,3.934031724929809570e-01,0.000000000000000000e+00,1.673559844493865967e-02,5.558134615421295166e-02,8.640776276588439941e-01,0.000000000000000000e+00,3.641072213649749756e-01,9.083262085914611816e-02,0.000000000000000000e+00,0.000000000000000000e+00,0.000000000000000000e+00,1.132551431655883789e-01,1.198676347732543945e+00,3.345554471015930176e-01,0.000000000000000000e+00,0.000000000000000000e+00,4.307505488395690918e-02,0.000000000000000000e+00,9.132891297340393066e-01,0.000000000000000000e+00,9.636052697896957397e-02,6.516261026263237000e-03,1.019053831696510315e-01,4.224923849105834961e-01,0.000000000000000000e+00,0.000000000000000000e+00,0.000000000000000000e+00,0.000000000000000000e+00,0.000000000000000000e+00,9.094430506229400635e-02,7.760977149009704590e-01,1.395377665758132935e-01,0.000000000000000000e+00,0.000000000000000000e+00,9.962028264999389648e-01,0.000000000000000000e+00,0.000000000000000000e+00,1.541180759668350220e-01,1.044113188982009888e-01,5.302335023880004883e-01,0.000000000000000000e+00,0.000000000000000000e+00,1.288110375404357910e+00,0.000000000000000000e+00,0.000000000000000000e+00,0.000000000000000000e+00,0.000000000000000000e+00,0.000000000000000000e+00,0.000000000000000000e+00,0.000000000000000000e+00,0.000000000000000000e+00,1.984972059726715088e-01,0.000000000000000000e+00,7.945317625999450684e-01,8.803139328956604004e-01,0.000000000000000000e+00,8.414570689201354980e-01,5.741231441497802734e-01,6.927480101585388184e-01,8.266620039939880371e-01,0.000000000000000000e+00,1.775691099464893341e-02,4.196484982967376709e-01,1.730335116386413574e+00,2.076381444931030273e-02,6.637746095657348633e-01,3.140921890735626221e-02,0.000000000000000000e+00,0.000000000000000000e+00
1.031493172049522400e-01,1.131579637527465820e+00,0.000000000000000000e+00,0.000000000000000000e+00,5.803848505020141602e-01,0.000000000000000000e+00,1.511260569095611572e-01,2.687369585037231445e-01,0.000000000000000000e+00,1.120603322982788086e+00,1.288870163261890411e-02,0.000000000000000000e+00,2.630935609340667725e-01,0.000000000000000000e+00,5.981364846229553223e-02,0.000000000000000000e+00,9.211912751197814941e-01,4.670823216438293457e-01,2.335579395294189453e-01,0.000000000000000000e+00,9.910620003938674927e-02,4.508829712867736816e-01,0.000000000000000000e+00,3.932932913303375244e-01,4.848384857177734375e-01,3.151952505111694336e+00,0.000000000000000000e+00,0.000000000000000000e+00,1.631170697510242462e-02,0.000000000000000000e+00,1.253950223326683044e-02,0.000000000000000000e+00,0.000000000000000000e+00,1.199976801872253418e-01,0.000000000000000000e+00,4.357819259166717529e-02,2.199330180883407593e-01,1.524493470788002014e-02,4.430730268359184265e-02,5.377204716205596924e-02,0.000000000000000000e+00,0.000000000000000000e+00,0.000000000000000000e+00,2.469526231288909912e-01,0.000000000000000000e+00,0.000000000000000000e+00,0.000000000000000000e+00,0.000000000000000000e+00,0.000000000000000000e+00,2.154427468776702881e-01,4.766112565994262695e-02,5.920764058828353882e-02,1.429398417472839355e+00,0.000000000000000000e+00,0.000000000000000000e+00,1.022494137287139893e-01,0.000000000000000000e+00,7.816105484962463379e-01,7.229149937629699707e-01,8.189666867256164551e-01,1.324420124292373657e-01,0.000000000000000000e+00,2.716569304466247559e-01,3.615280389785766602e-01,0.000000000000000000e+00,6.904193162918090820e-01,0.000000000000000000e+00,1.822324655950069427e-02,0.000000000000000000e+00,3.508143424987792969e-01,1.336541026830673218e-03,1.684333384037017822e-01,0.000000000000000000e+00,0.000000000000000000e+00,0.000000000000000000e+00,0.000000000000000000e+00,1.739940792322158813e-02,6.401891112327575684e-01,0.000000000000000000e+00,0.000000000000000000e+00,0.000000000000000000e+00,0.000000000000000000e+00,2.175467908382415771e-01,0.000000000000000000e+00,0.000000000000000000e+00,0.000000000000000000e+00,0.000000000000000000e+00,9.937489405274391174e-03,0.000000000000000000e+00,5.845037698745727539e-01,0.000000000000000000e+00,0.000000000000000000e+00,0.000000000000000000e+00,1.043374776840209961e+00,0.000000000000000000e+00,0.000000000000000000e+00,1.006868034601211548e-01,1.510223448276519775e-01,4.177221357822418213e-01,4.676778614521026611e-02,0.000000000000000000e+00,3.304546326398849487e-02,1.169053435325622559e+00,0.000000000000000000e+00,0.000000000000000000e+00,0.000000000000000000e+00,0.000000000000000000e+00,0.000000000000000000e+00,0.000000000000000000e+00,0.000000000000000000e+00,1.308817505836486816e+00,0.000000000000000000e+00,6.354909390211105347e-02,7.958962023258209229e-02,0.000000000000000000e+00,5.540347099304199219e-01,7.357025146484375000e-02,7.196559906005859375e-01,1.197366118431091309e-01,0.000000000000000000e+00,0.000000000000000000e+00,8.949804902076721191e-01,1.973810315132141113e+00,4.204669892787933350e-01,1.088735461235046387e-02,0.000000000000000000e+00,0.000000000000000000e+00,0.000000000000000000e+00
7.122130393981933594e-01,2.326056361198425293e-01,0.000000000000000000e+00,5.454568937420845032e-02,1.413799971342086792e-01,0.000000000000000000e+00,4.641294777393341064e-01,9.138701558113098145e-01,0.000000000000000000e+00,4.108767509460449219e-01,7.854383438825607300e-02,3.427419438958168030e-02,1.714153587818145752e-01,0.000000000000000000e+00,3.725780919194221497e-02,1.681388020515441895e-01,1.187545657157897949e-01,7.829417288303375244e-02,6.499288678169250488e-01,0.000000000000000000e+00,4.435515403747558594e-01,7.419037818908691406e-01,0.000000000000000000e+00,3.628636300563812256e-01,2.669845223426818848e-01,3.147794246673583984e+00,0.000000000000000000e+00,0.000000000000000000e+00,4.025264680385589600e-01,9.859964251518249512e-02,4.905796796083450317e-02,3.381739370524883270e-03,0.000000000000000000e+00,4.624742567539215088e-01,7.573649287223815918e-02,1.361372172832489014e-01,3.447741642594337463e-02,1.120399385690689087e-01,1.077582091093063354e-01,6.937541533261537552e-03,0.000000000000000000e+00,9.189701080322265625e-02,0.000000000000000000e+00,3.067339658737182617e-01,0.000000000000000000e+00,1.483015567064285278e-01,2.139753997325897217e-01,3.798794448375701904e-01,0.000000000000000000e+00,4.808481335639953613e-01,6.284337043762207031e-01,4.799450039863586426e-01,9.220495223999023438e-01,7.958289980888366699e-02,0.000000000000000000e+00,7.913089543581008911e-02,1.402172259986400604e-02,7.834193110466003418e-01,8.578143119812011719e-01,4.302332103252410889e-01,1.095030456781387329e-01,4.937830269336700439e-01,7.455030679702758789e-01,6.527467966079711914e-01,0.000000000000000000e+00,5.146261453628540039e-01,5.446378886699676514e-02,6.430267691612243652e-01,0.000000000000000000e+00,5.757100507616996765e-02,3.204299807548522949e-01,5.020031929016113281e-01,5.313092842698097229e-02,0.000000000000000000e+00,0.000000000000000000e+00,1.324107497930526733e-01,1.006943136453628540e-01,9.279307126998901367e-01,0.000000000000000000e+00,2.876495122909545898e-01,2.342298030853271484e-01,1.886702626943588257e-01,6.265204548835754395e-01,2.515398859977722168e-01,0.000000000000000000e+00,0.000000000000000000e+00,0.000000000000000000e+00,2.927691042423248291e-01,1.638769544661045074e-02,1.137578129768371582e+00,8.932778611779212952e-03,0.000000000000000000e+00,0.000000000000000000e+00,9.492805004119873047e-01,2.374469935894012451e-01,0.000000000000000000e+00,1.745373569428920746e-02,1.334905028343200684e-01,3.223912417888641357e-01,1.728308200836181641e-01,0.000000000000000000e+00,7.990329861640930176e-01,5.964504480361938477e-01,0.000000000000000000e+00,0.000000000000000000e+00,0.000000000000000000e+00,1.223665550351142883e-01,0.000000000000000000e+00,0.000000000000000000e+00,2.939544022083282471e-01,3.184885680675506592e-01,0.000000000000000000e+00,7.800079137086868286e-02,1.102673336863517761e-01,0.000000000000000000e+00,1.115832924842834473e+00,1.325376033782958984e-01,4.472276568412780762e-01,5.529133081436157227e-01,7.095906138420104980e-02,2.297157235443592072e-02,5.703182220458984375e-01,1.800212025642395020e+00,2.762547433376312256e-01,2.254862040281295776e-01,2.608046531677246094e-01,1.877424120903015137e-02,0.000000000000000000e+00
2.153861820697784424e-01,4.964186549186706543e-01,0.000000000000000000e+00,3.469768911600112915e-02,5.629248619079589844e-01,0.000000000000000000e+00,4.342974424362182617e-01,1.523186452686786652e-02,0.000000000000000000e+00,3.944382965564727783e-01,0.000000000000000000e+00,0.000000000000000000e+00,3.305055797100067139e-01,0.000000000000000000e+00,7.933633774518966675e-02,0.000000000000000000e+00,1.219868659973144531e+00,4.069197922945022583e-02,2.261521071195602417e-01,0.000000000000000000e+00,3.510372638702392578e-01,7.560913264751434326e-02,0.000000000000000000e+00,4.072427451610565186e-01,7.200686931610107422e-01,3.125987052917480469e+00,0.000000000000000000e+00,0.000000000000000000e+00,0.000000000000000000e+00,0.000000000000000000e+00,0.000000000000000000e+00,0.000000000000000000e+00,0.000000000000000000e+00,3.005639277398586273e-02,1.290781050920486450e-01,1.191471070051193237e-01,3.189877569675445557e-01,1.681828685104846954e-02,1.301696337759494781e-02,0.000000000000000000e+00,0.000000000000000000e+00,0.000000000000000000e+00,0.000000000000000000e+00,2.399829477071762085e-01,0.000000000000000000e+00,0.000000000000000000e+00,4.448674619197845459e-03,1.691106557846069336e-01,0.000000000000000000e+00,6.895288228988647461e-01,0.000000000000000000e+00,1.927419602870941162e-01,1.752560734748840332e+00,8.192830719053745270e-03,0.000000000000000000e+00,0.000000000000000000e+00,0.000000000000000000e+00,8.696865439414978027e-01,7.473999857902526855e-01,9.190816879272460938e-01,1.217267476022243500e-03,0.000000000000000000e+00,2.911123335361480713e-01,0.000000000000000000e+00,0.000000000000000000e+00,2.777603566646575928e-01,0.000000000000000000e+00,3.376311622560024261e-03,0.000000000000000000e+00,1.480913758277893066e-01,1.184703558683395386e-01,0.000000000000000000e+00,0.000000000000000000e+00,0.000000000000000000e+00,0.000000000000000000e+00,0.000000000000000000e+00,5.579820834100246429e-03,4.534393250942230225e-01,0.000000000000000000e+00,2.681035362184047699e-02,0.000000000000000000e+00,0.000000000000000000e+00,3.897368311882019043e-01,0.000000000000000000e+00,0.000000000000000000e+00,0.000000000000000000e+00,0.000000000000000000e+00,0.000000000000000000e+00,0.000000000000000000e+00,6.455888748168945312e-01,0.000000000000000000e+00,0.000000000000000000e+00,0.000000000000000000e+00,4.179342389106750488e-01,0.000000000000000000e+00,0.000000000000000000e+00,0.000000000000000000e+00,0.000000000000000000e+00,4.377386868000030518e-01,0.000000000000000000e+00,0.000000000000000000e+00,2.641797065734863281e-03,8.313997983932495117e-01,0.000000000000000000e+00,0.000000000000000000e+00,0.000000000000000000e+00,0.000000000000000000e+00,0.000000000000000000e+00,0.000000000000000000e+00,0.000000000000000000e+00,8.858635425567626953e-01,0.000000000000000000e+00,1.543715689331293106e-02,2.384784817695617676e-02,0.000000000000000000e+00,6.292143464088439941e-01,1.447148919105529785e-01,2.355465590953826904e-01,2.611616253852844238e-02,0.000000000000000000e+00,0.000000000000000000e+00,1.495208293199539185e-01,1.909788966178894043e+00,8.809567093849182129e-01,2.326992452144622803e-01,0.000000000000000000e+00,0.000000000000000000e+00,0.000000000000000000e+00
4.071542024612426758e-01,3.890492618083953857e-01,0.000000000000000000e+00,0.000000000000000000e+00,2.933331727981567383e-01,0.000000000000000000e+00,3.395520448684692383e-01,2.139972895383834839e-01,0.000000000000000000e+00,2.315671741962432861e-01,1.709657013416290283e-01,0.000000000000000000e+00,5.873312801122665405e-02,0.000000000000000000e+00,2.619587481021881104e-01,1.595381647348403931e-01,3.491311669349670410e-01,1.536060720682144165e-01,5.347314476966857910e-01,0.000000000000000000e+00,4.031100869178771973e-01,1.562667191028594971e-01,0.000000000000000000e+00,5.479949712753295898e-01,7.459208369255065918e-01,3.243944406509399414e+00,0.000000000000000000e+00,0.000000000000000000e+00,2.949821576476097107e-02,0.000000000000000000e+00,8.745811134576797485e-02,0.000000000000000000e+00,0.000000000000000000e+00,7.651751488447189331e-02,5.161710828542709351e-02,3.077953755855560303e-01,2.000273168087005615e-01,1.770246326923370361e-01,7.728602737188339233e-02,2.456311583518981934e-01,0.000000000000000000e+00,1.059508025646209717e-01,0.000000000000000000e+00,4.443621635437011719e-02,0.000000000000000000e+00,1.363289169967174530e-02,1.200127601623535156e-01,1.579097360372543335e-01,0.000000000000000000e+00,7.507619261741638184e-01,0.000000000000000000e+00,1.574974060058593750e-01,4.547396898269653320e-01,9.686575829982757568e-02,0.000000000000000000e+00,2.257999926805496216e-01,0.000000000000000000e+00,2.432851046323776245e-01,1.077394604682922363e+00,5.593587160110473633e-01,6.975500285625457764e-02,2.048280835151672363e-01,1.135493963956832886e-01,2.086271941661834717e-01,0.000000000000000000e+00,7.737806439399719238e-01,4.486766830086708069e-02,3.382403254508972168e-01,0.000000000000000000e+00,3.735979646444320679e-02,2.557172179222106934e-01,5.138766765594482422e-02,0.000000000000000000e+00,0.000000000000000000e+00,0.000000000000000000e+00,2.632557451725006104e-01,6.746719777584075928e-02,1.051742196083068848e+00,0.000000000000000000e+00,4.502603113651275635e-01,1.240766793489456177e-01,0.000000000000000000e+00,7.471055388450622559e-01,0.000000000000000000e+00,0.000000000000000000e+00,0.000000000000000000e+00,0.000000000000000000e+00,4.802270233631134033e-02,0.000000000000000000e+00,7.241381406784057617e-01,1.374027691781520844e-02,0.000000000000000000e+00,0.000000000000000000e+00,9.225084185600280762e-01,1.741528511047363281e-01,0.000000000000000000e+00,1.095050871372222900e-01,2.127443552017211914e-01,3.844497799873352051e-01,1.068188101053237915e-01,1.867153793573379517e-01,1.655766367912292480e-01,1.095535680651664734e-01,0.000000000000000000e+00,0.000000000000000000e+00,0.000000000000000000e+00,0.000000000000000000e+00,0.000000000000000000e+00,0.000000000000000000e+00,1.061840578913688660e-01,5.804349780082702637e-01,0.000000000000000000e+00,3.136952221393585205e-01,4.734113812446594238e-01,0.000000000000000000e+00,6.310902237892150879e-01,3.419262170791625977e-02,6.842303276062011719e-01,3.306522071361541748e-01,0.000000000000000000e+00,9.609947353601455688e-02,7.436090111732482910e-01,1.962987899780273438e+00,3.312081098556518555e-01,3.191841840744018555e-01,1.736086755990982056e-01,0.000000000000000000e+00,0.000000000000000000e+00
1.320040971040725708e-01,9.256472587585449219e-01,0.000000000000000000e+00,6.008399650454521179e-02,6.742332577705383301e-01,0.000000000000000000e+00,7.411062717437744141e-02,2.370817214250564575e-02,0.000000000000000000e+00,1.074279785156250000e+00,0.000000000000000000e+00,9.694968163967132568e-02,3.399024009704589844e-01,0.000000000000000000e+00,0.000000000000000000e+00,1.726832054555416107e-02,4.933829903602600098e-01,2.484824210405349731e-01,3.389008939266204834e-01,0.000000000000000000e+00,2.089723497629165649e-01,1.197720225900411606e-02,0.000000000000000000e+00,4.370411634445190430e-01,3.864694237709045410e-01,2.747852087020874023e+00,0.000000000000000000e+00,0.000000000000000000e+00,0.000000000000000000e+00,0.000000000000000000e+00,0.000000000000000000e+00,0.000000000000000000e+00,0.000000000000000000e+00,1.423465162515640259e-01,0.000000000000000000e+00,2.658334970474243164e-01,5.740317702293395996e-01,1.471421122550964355e-01,2.253524661064147949e-01,2.281803786754608154e-01,0.000000000000000000e+00,0.000000000000000000e+00,0.000000000000000000e+00,7.075336575508117676e-02,0.000000000000000000e+00,0.000000000000000000e+00,0.000000000000000000e+00,1.657817512750625610e-03,0.000000000000000000e+00,2.223759889602661133e-01,3.047343716025352478e-02,6.549655646085739136e-02,1.567521929740905762e+00,8.309413678944110870e-03,0.000000000000000000e+00,9.615964442491531372e-02,0.000000000000000000e+00,1.411734819412231445e+00,4.090026319026947021e-01,6.605675220489501953e-01,9.520485997200012207e-02,0.000000000000000000e+00,5.444852709770202637e-01,0.000000000000000000e+00,0.000000000000000000e+00,5.854724645614624023e-01,1.286381669342517853e-02,5.215798318386077881e-02,0.000000000000000000e+00,1.046483039855957031e+00,0.000000000000000000e+00,2.143246084451675415e-01,0.000000000000000000e+00,0.000000000000000000e+00,0.000000000000000000e+00,6.813890300691127777e-03,3.709073644131422043e-03,7.838531732559204102e-01,0.000000000000000000e+00,0.000000000000000000e+00,0.000000000000000000e+00,0.000000000000000000e+00,2.729945182800292969e-01,0.000000000000000000e+00,0.000000000000000000e+00,0.000000000000000000e+00,0.000000000000000000e+00,3.464172128587961197e-03,0.000000000000000000e+00,3.288107514381408691e-01,3.243176341056823730e-01,0.000000000000000000e+00,0.000000000000000000e+00,1.022359728813171387e+00,8.607995510101318359e-02,0.000000000000000000e+00,9.029267355799674988e-03,2.328466176986694336e-01,2.047933340072631836e-01,0.000000000000000000e+00,4.325558990240097046e-02,1.344995200634002686e-01,4.076980948448181152e-01,0.000000000000000000e+00,0.000000000000000000e+00,0.000000000000000000e+00,0.000000000000000000e+00,0.000000000000000000e+00,0.000000000000000000e+00,0.000000000000000000e+00,1.655396580696105957e+00,0.000000000000000000e+00,0.000000000000000000e+00,2.041391655802726746e-02,0.000000000000000000e+00,2.621684670448303223e-01,1.198320835828781128e-02,9.686717391014099121e-01,7.225338816642761230e-01,0.000000000000000000e+00,0.000000000000000000e+00,4.880098700523376465e-01,1.823276162147521973e+00,1.891870617866516113e+00,5.377591587603092194e-03,2.233386598527431488e-02,7.917492836713790894e-02,0.000000000000000000e+00
1.412207074463367462e-02,5.864051580429077148e-01,0.000000000000000000e+00,2.815513610839843750e-01,5.121568441390991211e-01,0.000000000000000000e+00,7.918034493923187256e-02,1.155246421694755554e-01,0.000000000000000000e+00,2.605844140052795410e-01,0.000000000000000000e+00,0.000000000000000000e+00,2.882141470909118652e-01,0.000000000000000000e+00,2.163676545023918152e-02,0.000000000000000000e+00,4.047648608684539795e-01,9.582085907459259033e-02,2.000872492790222168e-01,0.000000000000000000e+00,3.540274500846862793e-01,2.909053862094879150e-01,0.000000000000000000e+00,3.758096098899841309e-01,2.001078724861145020e-01,3.108529806137084961e+00,0.000000000000000000e+00,0.000000000000000000e+00,2.863343060016632080e-01,0.000000000000000000e+00,0.000000000000000000e+00,5.878666639328002930e-01,0.000000000000000000e+00,2.665786743164062500e-01,0.000000000000000000e+00,2.987013757228851318e-01,7.070450484752655029e-02,0.000000000000000000e+00,3.513442277908325195e-01,6.603396683931350708e-02,0.000000000000000000e+00,6.663238629698753357e-03,0.000000000000000000e+00,1.813478022813796997e-01,0.000000000000000000e+00,0.000000000000000000e+00,0.000000000000000000e+00,4.114042222499847412e-02,0.000000000000000000e+00,6.197375655174255371e-01,1.092568784952163696e-01,1.138490065932273865e-01,5.373836755752563477e-01,4.096831381320953369e-02,0.000000000000000000e+00,6.726354360580444336e-02,0.000000000000000000e+00,2.172021716833114624e-01,2.926799356937408447e-01,8.953329324722290039e-01,1.865681260824203491e-02,1.610992401838302612e-01,1.874773502349853516e-01,4.187171161174774170e-01,0.000000000000000000e+00,9.714276194572448730e-01,0.000000000000000000e+00,5.600423812866210938e-01,0.000000000000000000e+00,8.733524680137634277e-01,1.629856787621974945e-02,8.934725075960159302e-02,9.627571702003479004e-02,0.000000000000000000e+00,0.000000000000000000e+00,1.035389825701713562e-01,2.292355522513389587e-02,6.517644524574279785e-01,0.000000000000000000e+00,3.350445628166198730e-02,2.607506886124610901e-02,9.937258064746856689e-02,4.989965260028839111e-02,0.000000000000000000e+00,0.000000000000000000e+00,0.000000000000000000e+00,0.000000000000000000e+00,7.426428049802780151e-02,0.000000000000000000e+00,2.180760204792022705e-01,0.000000000000000000e+00,0.000000000000000000e+00,0.000000000000000000e+00,1.326574087142944336e+00,8.769800662994384766e-01,0.000000000000000000e+00,0.000000000000000000e+00,0.000000000000000000e+00,4.401372969150543213e-01,0.000000000000000000e+00,2.074287533760070801e-01,3.597909957170486450e-02,7.454013824462890625e-01,0.000000000000000000e+00,0.000000000000000000e+00,0.000000000000000000e+00,0.000000000000000000e+00,0.000000000000000000e+00,0.000000000000000000e+00,0.000000000000000000e+00,1.111602067947387695e+00,0.000000000000000000e+00,3.797469735145568848e-01,3.220997750759124756e-01,0.000000000000000000e+00,1.440659612417221069e-01,2.794932946562767029e-02,2.052078023552894592e-02,3.673224747180938721e-01,0.000000000000000000e+00,3.154864609241485596e-01,2.607899308204650879e-01,1.792398095130920410e+00,6.094012856483459473e-01,0.000000000000000000e+00,8.779272437095642090e-03,0.000000000000000000e+00,0.000000000000000000e+00
1.412207074463367462e-02,5.864051580429077148e-01,0.000000000000000000e+00,2.815513610839843750e-01,5.121568441390991211e-01,0.000000000000000000e+00,7.918034493923187256e-02,1.155246421694755554e-01,0.000000000000000000e+00,2.605844140052795410e-01,0.000000000000000000e+00,0.000000000000000000e+00,2.882141470909118652e-01,0.000000000000000000e+00,2.163676545023918152e-02,0.000000000000000000e+00,4.047648608684539795e-01,9.582085907459259033e-02,2.000872492790222168e-01,0.000000000000000000e+00,3.540274500846862793e-01,2.909053862094879150e-01,0.000000000000000000e+00,3.758096098899841309e-01,2.001078724861145020e-01,3.108529806137084961e+00,0.000000000000000000e+00,0.000000000000000000e+00,2.863343060016632080e-01,0.000000000000000000e+00,0.000000000000000000e+00,5.878666639328002930e-01,0.000000000000000000e+00,2.665786743164062500e-01,0.000000000000000000e+00,2.987013757228851318e-01,7.070450484752655029e-02,0.000000000000000000e+00,3.513442277908325195e-01,6.603396683931350708e-02,0.000000000000000000e+00,6.663238629698753357e-03,0.000000000000000000e+00,1.813478022813796997e-01,0.000000000000000000e+00,0.000000000000000000e+00,0.000000000000000000e+00,4.114042222499847412e-02,0.000000000000000000e+00,6.197375655174255371e-01,1.092568784952163696e-01,1.138490065932273865e-01,5.373836755752563477e-01,4.096831381320953369e-02,0.000000000000000000e+00,6.726354360580444336e-02,0.000000000000000000e+00,2.172021716833114624e-01,2.926799356937408447e-01,8.953329324722290039e-01,1.865681260824203491e-02,1.610992401838302612e-01,1.874773502349853516e-01,4.187171161174774170e-01,0.000000000000000000e+00,9.714276194572448730e-01,0.000000000000000000e+00,5.600423812866210938e-01,0.000000000000000000e+00,8.733524680137634277e-01,1.629856787621974945e-02,8.934725075960159302e-02,9.627571702003479004e-02,0.000000000000000000e+00,0.000000000000000000e+00,1.035389825701713562e-01,2.292355522513389587e-02,6.517644524574279785e-01,0.000000000000000000e+00,3.350445628166198730e-02,2.607506886124610901e-02,9.937258064746856689e-02,4.989965260028839111e-02,0.000000000000000000e+00,0.000000000000000000e+00,0.000000000000000000e+00,0.000000000000000000e+00,7.426428049802780151e-02,0.000000000000000000e+00,2.180760204792022705e-01,0.000000000000000000e+00,0.000000000000000000e+00,0.000000000000000000e+00,1.326574087142944336e+00,8.769800662994384766e-01,0.000000000000000000e+00,0.000000000000000000e+00,0.000000000000000000e+00,4.401372969150543213e-01,0.000000000000000000e+00,2.074287533760070801e-01,3.597909957170486450e-02,7.454013824462890625e-01,0.000000000000000000e+00,0.000000000000000000e+00,0.000000000000000000e+00,0.000000000000000000e+00,0.000000000000000000e+00,0.000000000000000000e+00,0.000000000000000000e+00,1.111602067947387695e+00,0.000000000000000000e+00,3.797469735145568848e-01,3.220997750759124756e-01,0.000000000000000000e+00,1.440659612417221069e-01,2.794932946562767029e-02,2.052078023552894592e-02,3.673224747180938721e-01,0.000000000000000000e+00,3.154864609241485596e-01,2.607899308204650879e-01,1.792398095130920410e+00,6.094012856483459473e-01,0.000000000000000000e+00,8.779272437095642090e-03,0.000000000000000000e+00,0.000000000000000000e+00
1.336945686489343643e-03,8.158102631568908691e-01,0.000000000000000000e+00,1.983421295881271362e-01,5.463070273399353027e-01,0.000000000000000000e+00,9.971881657838821411e-02,3.422196209430694580e-02,0.000000000000000000e+00,7.150197029113769531e-01,0.000000000000000000e+00,1.712889596819877625e-02,1.945326626300811768e-01,0.000000000000000000e+00,2.876189164817333221e-02,0.000000000000000000e+00,4.710829257965087891e-01,1.783720850944519043e-01,4.531265497207641602e-01,0.000000000000000000e+00,4.417924582958221436e-01,4.386083781719207764e-02,0.000000000000000000e+00,5.132794380187988281e-01,5.188351869583129883e-01,3.108431816101074219e+00,0.000000000000000000e+00,0.000000000000000000e+00,2.513934299349784851e-02,0.000000000000000000e+00,9.600820019841194153e-03,3.426605761051177979e-01,0.000000000000000000e+00,6.690737605094909668e-02,0.000000000000000000e+00,5.116760134696960449e-01,1.427102237939834595e-01,1.797467172145843506e-01,1.719082891941070557e-01,3.311047255992889404e-01,0.000000000000000000e+00,2.807765081524848938e-02,0.000000000000000000e+00,1.413628906011581421e-01,0.000000000000000000e+00,1.231283023953437805e-01,4.361080005764961243e-03,2.482425607740879059e-02,0.000000000000000000e+00,8.595314025878906250e-01,2.874798327684402466e-02,0.000000000000000000e+00,8.782264590263366699e-01,1.798203736543655396e-01,0.000000000000000000e+00,1.653311252593994141e-01,0.000000000000000000e+00,8.139573931694030762e-01,4.016012549400329590e-01,1.087669849395751953e+00,0.000000000000000000e+00,6.815367937088012695e-02,3.044508099555969238e-01,5.323917046189308167e-02,0.000000000000000000e+00,9.229159355163574219e-01,0.000000000000000000e+00,5.377790927886962891e-01,0.000000000000000000e+00,1.139356255531311035e+00,3.495002388954162598e-01,2.431310117244720459e-01,0.000000000000000000e+00,0.000000000000000000e+00,0.000000000000000000e+00,2.457594275474548340e-01,3.762538544833660126e-03,7.359169721603393555e-01,0.000000000000000000e+00,2.301327884197235107e-02,1.879170536994934082e-02,1.798230223357677460e-03,2.547218501567840576e-01,0.000000000000000000e+00,0.000000000000000000e+00,0.000000000000000000e+00,0.000000000000000000e+00,1.654113382101058960e-01,1.723815128207206726e-02,1.716482341289520264e-01,1.125022917985916138e-01,0.000000000000000000e+00,0.000000000000000000e+00,1.311441779136657715e+00,9.912573695182800293e-01,0.000000000000000000e+00,0.000000000000000000e+00,4.657980054616928101e-02,5.618204474449157715e-01,0.000000000000000000e+00,1.883867196738719940e-02,2.531287670135498047e-01,3.522452712059020996e-01,0.000000000000000000e+00,0.000000000000000000e+00,0.000000000000000000e+00,1.001595705747604370e-02,0.000000000000000000e+00,0.000000000000000000e+00,0.000000000000000000e+00,1.222347140312194824e+00,0.000000000000000000e+00,2.884196341037750244e-01,2.086630314588546753e-01,0.000000000000000000e+00,1.009478420019149780e-01,9.512207470834255219e-03,1.409633755683898926e-01,3.842870593070983887e-01,0.000000000000000000e+00,2.453497052192687988e-01,2.503847479820251465e-01,2.037409543991088867e+00,6.359969377517700195e-01,0.000000000000000000e+00,1.517635136842727661e-01,3.181711584329605103e-02,0.000000000000000000e+00
0.000000000000000000e+00,6.746588945388793945e-01,0.000000000000000000e+00,8.850550651550292969e-02,1.410847902297973633e+00,0.000000000000000000e+00,1.840207576751708984e-01,8.752187713980674744e-03,0.000000000000000000e+00,3.580756783485412598e-01,0.000000000000000000e+00,0.000000000000000000e+00,6.900281906127929688e-01,0.000000000000000000e+00,4.377929866313934326e-02,1.185420230031013489e-01,1.412365555763244629e+00,3.478622995316982269e-03,2.301676273345947266e-01,0.000000000000000000e+00,2.789629697799682617e-01,2.944114804267883301e-01,0.000000000000000000e+00,3.477977514266967773e-01,4.905282258987426758e-01,3.013295650482177734e+00,0.000000000000000000e+00,0.000000000000000000e+00,2.594216912984848022e-02,5.409719422459602356e-03,2.211524918675422668e-02,0.000000000000000000e+00,0.000000000000000000e+00,9.948109090328216553e-02,0.000000000000000000e+00,5.961757898330688477e-02,5.021314024925231934e-01,1.548860669136047363e-01,5.084756389260292053e-02,0.000000000000000000e+00,0.000000000000000000e+00,0.000000000000000000e+00,0.000000000000000000e+00,3.832103684544563293e-04,0.000000000000000000e+00,0.000000000000000000e+00,0.000000000000000000e+00,2.728811502456665039e-01,0.000000000000000000e+00,5.247491598129272461e-01,0.000000000000000000e+00,3.904586285352706909e-02,1.382904767990112305e+00,1.336010098457336426e-01,0.000000000000000000e+00,3.268498182296752930e-02,0.000000000000000000e+00,7.035855054855346680e-01,5.259900093078613281e-01,6.287872791290283203e-01,1.057371944189071655e-01,4.316045343875885010e-02,3.350389897823333740e-01,1.949355453252792358e-01,0.000000000000000000e+00,3.811154067516326904e-01,0.000000000000000000e+00,1.570331007242202759e-01,0.000000000000000000e+00,2.867450714111328125e-01,6.669355928897857666e-02,4.557566344738006592e-02,2.809333801269531250e-02,0.000000000000000000e+00,0.000000000000000000e+00,9.557232260704040527e-02,0.000000000000000000e+00,6.129116415977478027e-01,0.000000000000000000e+00,6.780745089054107666e-02,0.000000000000000000e+00,0.000000000000000000e+00,2.167771905660629272e-01,0.000000000000000000e+00,0.000000000000000000e+00,0.000000000000000000e+00,0.000000000000000000e+00,3.836266323924064636e-02,0.000000000000000000e+00,6.433481574058532715e-01,0.000000000000000000e+00,0.000000000000000000e+00,0.000000000000000000e+00,6.931383609771728516e-01,1.271229684352874756e-01,0.000000000000000000e+00,0.000000000000000000e+00,0.000000000000000000e+00,2.335676252841949463e-01,0.000000000000000000e+00,3.930673375725746155e-02,8.627808094024658203e-02,8.331092596054077148e-01,0.000000000000000000e+00,0.000000000000000000e+00,0.000000000000000000e+00,9.296026825904846191e-02,0.000000000000000000e+00,0.000000000000000000e+00,0.000000000000000000e+00,9.184274673461914062e-01,0.000000000000000000e+00,9.425775706768035889e-02,8.431704342365264893e-02,0.000000000000000000e+00,5.812476277351379395e-01,5.843897163867950439e-02,1.936285793781280518e-01,1.683368980884552002e-01,0.000000000000000000e+00,1.046701967716217041e-01,7.367685437202453613e-02,1.587293386459350586e+00,9.389060139656066895e-01,4.761293530464172363e-02,0.000000000000000000e+00,0.000000000000000000e+00,0.000000000000000000e+00
2.101076394319534302e-01,5.110520124435424805e-01,0.000000000000000000e+00,1.437074095010757446e-01,6.537684705108404160e-03,0.000000000000000000e+00,7.532274723052978516e-02,2.144390940666198730e-01,0.000000000000000000e+00,1.086828231811523438e+00,0.000000000000000000e+00,2.290382981300354004e-01,0.000000000000000000e+00,0.000000000000000000e+00,6.665337681770324707e-01,2.880237437784671783e-02,9.255017042160034180e-01,3.122868835926055908e-01,7.981594651937484741e-03,0.000000000000000000e+00,4.594638571143150330e-02,3.414469361305236816e-01,0.000000000000000000e+00,9.218586683273315430e-01,6.570266485214233398e-01,2.819558620452880859e+00,0.000000000000000000e+00,0.000000000000000000e+00,2.863609977066516876e-02,0.000000000000000000e+00,7.530203089118003845e-03,0.000000000000000000e+00,0.000000000000000000e+00,4.450795650482177734e-01,5.245810747146606445e-02,1.126519069075584412e-01,3.420091420412063599e-02,0.000000000000000000e+00,4.335934519767761230e-01,1.175359487533569336e+00,0.000000000000000000e+00,3.443473577499389648e-01,0.000000000000000000e+00,0.000000000000000000e+00,0.000000000000000000e+00,0.000000000000000000e+00,7.495253533124923706e-02,3.968275189399719238e-01,0.000000000000000000e+00,4.684833288192749023e-01,1.339600235223770142e-01,3.418973684310913086e-01,1.321171522140502930e+00,0.000000000000000000e+00,0.000000000000000000e+00,2.312235236167907715e-01,0.000000000000000000e+00,3.075564205646514893e-01,4.769313633441925049e-01,5.483669042587280273e-01,1.258257925510406494e-01,0.000000000000000000e+00,2.739210724830627441e-01,4.875828027725219727e-01,0.000000000000000000e+00,7.661361098289489746e-01,0.000000000000000000e+00,5.608167871832847595e-02,0.000000000000000000e+00,1.758671365678310394e-03,0.000000000000000000e+00,7.892671227455139160e-01,2.237003669142723083e-02,0.000000000000000000e+00,0.000000000000000000e+00,2.296932414174079895e-02,0.000000000000000000e+00,3.570302426815032959e-01,0.000000000000000000e+00,6.056907773017883301e-01,2.871601656079292297e-02,4.342717677354812622e-02,1.591934822499752045e-02,0.000000000000000000e+00,0.000000000000000000e+00,0.000000000000000000e+00,0.000000000000000000e+00,0.000000000000000000e+00,4.381906241178512573e-03,5.430237054824829102e-01,2.219122946262359619e-01,0.000000000000000000e+00,0.000000000000000000e+00,7.664585709571838379e-01,1.592950429767370224e-03,0.000000000000000000e+00,1.128003448247909546e-01,6.547909379005432129e-01,7.869734764099121094e-01,0.000000000000000000e+00,0.000000000000000000e+00,4.680534899234771729e-01,3.740972280502319336e-01,0.000000000000000000e+00,0.000000000000000000e+00,0.000000000000000000e+00,6.667625159025192261e-02,0.000000000000000000e+00,0.000000000000000000e+00,0.000000000000000000e+00,1.041858792304992676e-01,0.000000000000000000e+00,8.073341846466064453e-01,6.029713749885559082e-01,0.000000000000000000e+00,5.852892994880676270e-01,8.864488005638122559e-01,7.482487559318542480e-01,1.694437861442565918e-01,0.000000000000000000e+00,0.000000000000000000e+00,1.178974509239196777e+00,1.825209259986877441e+00,1.147061958909034729e-01,2.616803646087646484e-01,0.000000000000000000e+00,0.000000000000000000e+00,0.000000000000000000e+00
8.634852245450019836e-03,9.775121808052062988e-01,0.000000000000000000e+00,5.779462866485118866e-03,5.899371113628149033e-03,0.000000000000000000e+00,3.466894626617431641e-01,3.775607347488403320e-01,0.000000000000000000e+00,1.152740493416786194e-01,1.121696177870035172e-02,0.000000000000000000e+00,7.694293260574340820e-01,0.000000000000000000e+00,3.494339436292648315e-02,7.803444564342498779e-02,3.450421988964080811e-02,1.442591547966003418e-01,3.703993260860443115e-01,0.000000000000000000e+00,5.808001160621643066e-01,4.272712767124176025e-01,0.000000000000000000e+00,3.008694946765899658e-01,4.084315001964569092e-01,2.365314960479736328e+00,0.000000000000000000e+00,0.000000000000000000e+00,3.020550683140754700e-02,0.000000000000000000e+00,4.641470685601234436e-02,1.542291324585676193e-02,0.000000000000000000e+00,0.000000000000000000e+00,1.261088438332080841e-02,1.925945654511451721e-02,4.086882174015045166e-01,1.234421581029891968e-01,2.948847226798534393e-02,0.000000000000000000e+00,0.000000000000000000e+00,0.000000000000000000e+00,0.000000000000000000e+00,0.000000000000000000e+00,0.000000000000000000e+00,1.061565577983856201e-01,0.000000000000000000e+00,4.001399874687194824e-02,0.000000000000000000e+00,1.492697745561599731e-01,9.974586963653564453e-02,4.482301324605941772e-02,6.166049242019653320e-01,1.103019863367080688e-01,0.000000000000000000e+00,1.037000492215156555e-01,0.000000000000000000e+00,3.807227313518524170e-01,1.220352768898010254e+00,7.538879513740539551e-01,0.000000000000000000e+00,1.473169028759002686e-01,9.407624602317810059e-02,2.931506633758544922e-01,0.000000000000000000e+00,9.113605618476867676e-01,1.467863563448190689e-02,2.269269973039627075e-01,0.000000000000000000e+00,0.000000000000000000e+00,0.000000000000000000e+00,0.000000000000000000e+00,8.455494046211242676e-02,0.000000000000000000e+00,0.000000000000000000e+00,9.053616784512996674e-03,0.000000000000000000e+00,1.222381711006164551e+00,0.000000000000000000e+00,1.611074358224868774e-01,2.027308344841003418e-01,0.000000000000000000e+00,6.616223454475402832e-01,2.967633493244647980e-02,0.000000000000000000e+00,0.000000000000000000e+00,0.000000000000000000e+00,3.764967247843742371e-02,0.000000000000000000e+00,8.353973627090454102e-01,0.000000000000000000e+00,0.000000000000000000e+00,0.000000000000000000e+00,6.763809323310852051e-01,3.145369514822959900e-02,0.000000000000000000e+00,1.086408495903015137e-01,2.425569295883178711e-02,9.077812731266021729e-02,0.000000000000000000e+00,4.210997372865676880e-02,2.576648592948913574e-01,6.846290826797485352e-02,0.000000000000000000e+00,0.000000000000000000e+00,0.000000000000000000e+00,0.000000000000000000e+00,0.000000000000000000e+00,0.000000000000000000e+00,0.000000000000000000e+00,2.615630030632019043e-01,0.000000000000000000e+00,1.029645279049873352e-01,1.659170538187026978e-01,0.000000000000000000e+00,8.299177289009094238e-01,0.000000000000000000e+00,1.754270941019058228e-01,5.546464920043945312e-01,0.000000000000000000e+00,3.728879243135452271e-02,6.016714572906494141e-01,9.179890155792236328e-01,8.064183592796325684e-01,2.135088667273521423e-02,1.413410007953643799e-01,4.665578901767730713e-02,0.000000000000000000e+00
0.000000000000000000e+00,6.112721562385559082e-01,0.000000000000000000e+00,1.448191553354263306e-01,1.397705972194671631e-01,0.000000000000000000e+00,2.936239540576934814e-01,2.395093441009521484e-01,0.000000000000000000e+00,6.459377408027648926e-01,1.092289239168167114e-01,0.000000000000000000e+00,4.016380906105041504e-01,0.000000000000000000e+00,2.006516456604003906e-01,2.422907054424285889e-01,3.719795942306518555e-01,7.027020305395126343e-02,2.918092906475067139e-01,0.000000000000000000e+00,3.106696307659149170e-01,5.292382240295410156e-01,0.000000000000000000e+00,4.749671518802642822e-01,5.610943436622619629e-01,2.524465084075927734e+00,0.000000000000000000e+00,0.000000000000000000e+00,0.000000000000000000e+00,0.000000000000000000e+00,0.000000000000000000e+00,0.000000000000000000e+00,0.000000000000000000e+00,2.489283382892608643e-01,1.645760796964168549e-02,5.671969801187515259e-02,5.210438370704650879e-01,1.631185114383697510e-01,0.000000000000000000e+00,0.000000000000000000e+00,0.000000000000000000e+00,0.000000000000000000e+00,0.000000000000000000e+00,0.000000000000000000e+00,0.000000000000000000e+00,6.568264216184616089e-02,0.000000000000000000e+00,1.511848717927932739e-01,0.000000000000000000e+00,4.366221278905868530e-02,8.319094777107238770e-02,2.272894233465194702e-01,1.341277241706848145e+00,2.812647819519042969e-01,0.000000000000000000e+00,5.805159360170364380e-02,0.000000000000000000e+00,9.439502358436584473e-01,9.599817991256713867e-01,3.964007794857025146e-01,1.274815294891595840e-02,3.332086838781833649e-03,2.211971580982208252e-01,3.707149624824523926e-01,0.000000000000000000e+00,3.690423369407653809e-01,9.794866293668746948e-02,3.834348917007446289e-02,0.000000000000000000e+00,2.180690467357635498e-01,1.146069318056106567e-01,1.946992129087448120e-01,0.000000000000000000e+00,0.000000000000000000e+00,0.000000000000000000e+00,9.434769861400127411e-03,0.000000000000000000e+00,6.972858309745788574e-01,0.000000000000000000e+00,1.101504489779472351e-01,3.914283588528633118e-02,0.000000000000000000e+00,4.197168946266174316e-01,0.000000000000000000e+00,0.000000000000000000e+00,0.000000000000000000e+00,0.000000000000000000e+00,5.407554283738136292e-02,0.000000000000000000e+00,7.490190863609313965e-01,3.614099621772766113e-01,0.000000000000000000e+00,0.000000000000000000e+00,1.040556669235229492e+00,5.697572231292724609e-02,0.000000000000000000e+00,0.000000000000000000e+00,4.787623882293701172e-03,1.783118396997451782e-01,0.000000000000000000e+00,2.418752945959568024e-02,4.889917373657226562e-01,5.921571850776672363e-01,0.000000000000000000e+00,0.000000000000000000e+00,0.000000000000000000e+00,1.407090108841657639e-03,0.000000000000000000e+00,0.000000000000000000e+00,0.000000000000000000e+00,2.247181087732315063e-01,0.000000000000000000e+00,1.712453216314315796e-01,1.895307600498199463e-01,0.000000000000000000e+00,7.645304203033447266e-01,1.995504796504974365e-01,5.936009883880615234e-01,1.015812635421752930e+00,0.000000000000000000e+00,1.173241734504699707e-01,2.589888274669647217e-01,1.224782347679138184e+00,1.073534011840820312e+00,1.518506854772567749e-01,3.737800195813179016e-02,1.748558320105075836e-02,0.000000000000000000e+00
